# Template file for configuration of individual fiber positioner unit.

# ID
POS_ID = 'M00213'
CAN_ID = 61
DEVICE_ID = -1
PETAL_ID = -1

# STATE
POS_T = -8.6378788836327658e-05
POS_P = 180.00009814814814
GENERAL_SETTINGS_FILE = '_genl_settings_DEFAULT.conf'

# CALIBRATION
LENGTH_R1 = 2.989381251346327
LENGTH_R2 = 3.0523660066743883
OFFSET_T = -18.77473165609471
OFFSET_P = -3.4825979570304924
GEAR_CALIB_T = 1.0
GEAR_CALIB_P = 1.0
GEAR_TYPE_T = 'namiki'
GEAR_TYPE_P = 'namiki'
OFFSET_X = 22.161267942484915
OFFSET_Y = 25.852436510146134
PHYSICAL_RANGE_T = 393.62769102918264
PHYSICAL_RANGE_P = 190.0
MOTOR_CCW_DIR_T = -1
MOTOR_CCW_DIR_P = -1
MOTOR_ID_T = 1
MOTOR_ID_P = 0

# HISTORY
TOTAL_MOVE_SEQUENCES = 2195
TOTAL_CRUISE_MOVES_T = 432
TOTAL_CRUISE_MOVES_P = 450
TOTAL_CREEP_MOVES_T = 6147
TOTAL_CREEP_MOVES_P = 6129
TOTAL_LIMIT_SEEKS_T = 12
TOTAL_LIMIT_SEEKS_P = 13
LAST_PRIMARY_HARDSTOP_DIR_T = -1.0
LAST_PRIMARY_HARDSTOP_DIR_P = 1.0
LAST_MOVE_CMD = 'posTP; (auto final creep)'
LAST_MOVE_VAL1 = '0; 8.63788e-05'
LAST_MOVE_VAL2 = '180; -9.81481e-05'
LAST_MEAS_OBS_X = 27.96154098580278
LAST_MEAS_OBS_Y = 25.852139017064694
