# Settings file for unit: M00414

POS_ID = 'M00414'
CAN_ID = 414
DEVICE_ID = -1
PETAL_ID = -1

# STATE
POS_T = -40.246948023280098
POS_P = 56.811360932059394
GENERAL_SETTINGS_FILE = '_genl_settings_DEFAULT.conf'

# CALIBRATION
LENGTH_R1 = 2.973103927256104
LENGTH_R2 = 3.0837696506585144
OFFSET_T = 47.096428008322015
OFFSET_P = -0.63847222890388655
GEAR_CALIB_T = 1.0
GEAR_CALIB_P = 1.0
GEAR_TYPE_T = 'namiki'
GEAR_TYPE_P = 'namiki'
OFFSET_X = 27.148610698992922
OFFSET_Y = 10.545608781178668
PHYSICAL_RANGE_T = 395.33245110828932
PHYSICAL_RANGE_P = 184.67258068957216
MOTOR_CCW_DIR_T = -1
MOTOR_CCW_DIR_P = -1
MOTOR_ID_T = 1
MOTOR_ID_P = 0

# HISTORY
TOTAL_MOVE_SEQUENCES = 1829
TOTAL_CRUISE_MOVES_T = 859
TOTAL_CRUISE_MOVES_P = 870
TOTAL_CREEP_MOVES_T = 4558
TOTAL_CREEP_MOVES_P = 4547
TOTAL_LIMIT_SEEKS_T = 53
TOTAL_LIMIT_SEEKS_P = 63
LAST_PRIMARY_HARDSTOP_DIR_T = -1.0
LAST_PRIMARY_HARDSTOP_DIR_P = 1.0
LAST_MOVE_CMD = 'dXdY; (auto backlash backup); (auto final creep)'
LAST_MOVE_VAL1 = '-0.000797413; 3; -3.00012'
LAST_MOVE_VAL2 = '0.000862302; -3; 3.00011'
LAST_MEAS_OBS_X = 31.504754477584594
LAST_MEAS_OBS_Y = 13.657513191711487
