# Template file for configuration of individual fiber positioner unit.

# ID
POS_ID = 'M00185'
CAN_ID = 1
DEVICE_ID = -1
PETAL_ID = -1

# STATE
POS_T = -38.265402786918727
POS_P = 41.439870246913586
GENERAL_SETTINGS_FILE = '_genl_settings_DEFAULT.conf'

# CALIBRATION
LENGTH_R1 = 2.9997453611640355
LENGTH_R2 = 3.0694846589022515
OFFSET_T = 20.662902466389237
OFFSET_P = -6.7873122284107552
GEAR_CALIB_T = 1.0
GEAR_CALIB_P = 1.0
GEAR_TYPE_T = 'namiki'
GEAR_TYPE_P = 'namiki'
OFFSET_X = 29.616400147046217
OFFSET_Y = 41.825584108900379
PHYSICAL_RANGE_T = 395.19851100593587
PHYSICAL_RANGE_P = 190.0
MOTOR_CCW_DIR_T = -1
MOTOR_CCW_DIR_P = -1
MOTOR_ID_T = 1
MOTOR_ID_P = 0

# HISTORY
TOTAL_MOVE_SEQUENCES = 6976
TOTAL_CRUISE_MOVES_T = 1371
TOTAL_CRUISE_MOVES_P = 1377
TOTAL_CREEP_MOVES_T = 19510
TOTAL_CREEP_MOVES_P = 19504
TOTAL_LIMIT_SEEKS_T = 22
TOTAL_LIMIT_SEEKS_P = 26
LAST_PRIMARY_HARDSTOP_DIR_T = -1.0
LAST_PRIMARY_HARDSTOP_DIR_P = 1.0
LAST_MOVE_CMD = 'dXdY; (auto backlash backup); (auto final creep)'
LAST_MOVE_VAL1 = '-0.000915803; 3; -3.00006'
LAST_MOVE_VAL2 = '0.000129654; -3; 3.00009'
LAST_MEAS_OBS_X = 35.415791733476816
LAST_MEAS_OBS_Y = 41.82540859951613
