# Template file for configuration of individual fiber positioner unit.

# ID
POS_ID = 'M00223'
CAN_ID = 362
DEVICE_ID = -1
PETAL_ID = -1

# STATE
POS_T = -197.14165124856845
POS_P = 181.45139863411387
GENERAL_SETTINGS_FILE = '_genl_settings_DEFAULT.conf'

# CALIBRATION
LENGTH_R1 = 3.041581062089429
LENGTH_R2 = 3.0178492759201756
OFFSET_T = -131.01050475611854
OFFSET_P = 2.408089041021924
GEAR_CALIB_T = 1.0
GEAR_CALIB_P = 1.0
GEAR_TYPE_T = 'namiki'
GEAR_TYPE_P = 'namiki'
OFFSET_X = 46.865930294097204
OFFSET_Y = 16.207680016586956
PHYSICAL_RANGE_T = 400.2833024971369
PHYSICAL_RANGE_P = 186.31454407486251
MOTOR_CCW_DIR_T = -1
MOTOR_CCW_DIR_P = -1
MOTOR_ID_T = 1
MOTOR_ID_P = 0

# HISTORY
TOTAL_MOVE_SEQUENCES = 4355
TOTAL_CRUISE_MOVES_T = 853
TOTAL_CRUISE_MOVES_P = 890
TOTAL_CREEP_MOVES_T = 12199
TOTAL_CREEP_MOVES_P = 12162
TOTAL_LIMIT_SEEKS_T = 19
TOTAL_LIMIT_SEEKS_P = 21
LAST_PRIMARY_HARDSTOP_DIR_T = -1.0
LAST_PRIMARY_HARDSTOP_DIR_P = 1.0
LAST_MOVE_CMD = 'P limit seek; T limit seek; debounce direct_dtdp; debounce direct_dtdp'
LAST_MOVE_VAL1 = '0; -1; 3; 3'
LAST_MOVE_VAL2 = '1; 0; -3; -3'
LAST_MEAS_OBS_X = 52.66658177122152
LAST_MEAS_OBS_Y = 16.207575566806696
