# Configuration file for unit M00384.

#ID
POS_ID = 'M00384'
CAN_ID = 47
DEVICE_ID = -1
PETAL_ID = -1

# STATE
POS_T = 7.4517951560437723e-05
POS_P = 180.00009814814814
GENERAL_SETTINGS_FILE = '_genl_settings_DEFAULT.conf'

# CALIBRATION
LENGTH_R1 = 3.0112523189302025
LENGTH_R2 = 3.1119599834038594
OFFSET_T = -57.691044118100535
OFFSET_P = -6.19135221063371
GEAR_CALIB_T = 1.0
GEAR_CALIB_P = 1.0
GEAR_TYPE_T = 'namiki'
GEAR_TYPE_P = 'namiki'
OFFSET_X = 15.338039479693249
OFFSET_Y = 15.881469620095341
PHYSICAL_RANGE_T = 395.6044889887883
PHYSICAL_RANGE_P = 190.0
MOTOR_CCW_DIR_T = -1
MOTOR_CCW_DIR_P = -1
MOTOR_ID_T = 1
MOTOR_ID_P = 0

# HISTORY
TOTAL_MOVE_SEQUENCES = 2181
TOTAL_CRUISE_MOVES_T = 413
TOTAL_CRUISE_MOVES_P = 433
TOTAL_CREEP_MOVES_T = 6122
TOTAL_CREEP_MOVES_P = 6102
TOTAL_LIMIT_SEEKS_T = 10
TOTAL_LIMIT_SEEKS_P = 11
LAST_PRIMARY_HARDSTOP_DIR_T = -1.0
LAST_PRIMARY_HARDSTOP_DIR_P = 1.0
LAST_MOVE_CMD = 'posTP; (auto final creep)'
LAST_MOVE_VAL1 = '0; -7.4518e-05'
LAST_MOVE_VAL2 = '180; -9.81481e-05'
LAST_MEAS_OBS_X = 21.13800790220434
LAST_MEAS_OBS_Y = 15.881952894781083
