# Configuration file for unit M00687.

#ID
POS_ID = 'M00687'
CAN_ID = 204
DEVICE_ID = -1
PETAL_ID = -1

# STATE
POS_T = 31.951279641727517
POS_P = 38.843826049383182
GENERAL_SETTINGS_FILE = '_genl_settings_DEFAULT.conf'

# CALIBRATION
LENGTH_R1 = 2.9746473928153909
LENGTH_R2 = 3.0908104420858473
OFFSET_T = -49.47908966371034
OFFSET_P = -4.5552825207330159
GEAR_CALIB_T = 1.0
GEAR_CALIB_P = 1.0
GEAR_TYPE_T = 'namiki'
GEAR_TYPE_P = 'namiki'
OFFSET_X = 45.684155206989139
OFFSET_Y = 48.525149128063688
PHYSICAL_RANGE_T = 394.96991084000149
PHYSICAL_RANGE_P = 190.0
MOTOR_CCW_DIR_T = -1
MOTOR_CCW_DIR_P = -1
MOTOR_ID_T = 1
MOTOR_ID_P = 0

# HISTORY
TOTAL_MOVE_SEQUENCES = 1875
TOTAL_CRUISE_MOVES_T = 468
TOTAL_CRUISE_MOVES_P = 462
TOTAL_CREEP_MOVES_T = 5132
TOTAL_CREEP_MOVES_P = 5138
TOTAL_LIMIT_SEEKS_T = 15
TOTAL_LIMIT_SEEKS_P = 18
LAST_PRIMARY_HARDSTOP_DIR_T = -1.0
LAST_PRIMARY_HARDSTOP_DIR_P = 1.0
LAST_MOVE_CMD = 'dXdY; (auto backlash backup); (auto final creep)'
LAST_MOVE_VAL1 = '-3.60204e-05; 3; -3.00011'
LAST_MOVE_VAL2 = '-0.00117729; -3; 2.99995'
LAST_MEAS_OBS_X = 51.483590610242246
LAST_MEAS_OBS_Y = 48.525255902867116
