# Template file for configuration of individual fiber positioner unit.

# ID
POS_ID = 'M00342'
CAN_ID = 342
DEVICE_ID = -1
PETAL_ID = -1

# STATE
POS_T = 124.44986694331411
POS_P = 57.464879516595445
GENERAL_SETTINGS_FILE = '_genl_settings_DEFAULT.conf'

# CALIBRATION
LENGTH_R1 = 3.0040789840046007
LENGTH_R2 = 3.0618717427596507
OFFSET_T = -117.35283778130373
OFFSET_P = -1.5527506333134635
GEAR_CALIB_T = 1.0
GEAR_CALIB_P = 1.0
GEAR_TYPE_T = 'namiki'
GEAR_TYPE_P = 'namiki'
OFFSET_X = 45.190529170733079
OFFSET_Y = 10.339046811602557
PHYSICAL_RANGE_T = 393.24254833559485
PHYSICAL_RANGE_P = 185.46084961771098
MOTOR_CCW_DIR_T = -1
MOTOR_CCW_DIR_P = -1
MOTOR_ID_T = 1
MOTOR_ID_P = 0

# HISTORY
TOTAL_MOVE_SEQUENCES = 3072
TOTAL_CRUISE_MOVES_T = 714
TOTAL_CRUISE_MOVES_P = 759
TOTAL_CREEP_MOVES_T = 8466
TOTAL_CREEP_MOVES_P = 8421
TOTAL_LIMIT_SEEKS_T = 22
TOTAL_LIMIT_SEEKS_P = 25
LAST_PRIMARY_HARDSTOP_DIR_T = -1.0
LAST_PRIMARY_HARDSTOP_DIR_P = 1.0
LAST_MOVE_CMD = 'dXdY; (auto backlash backup); (auto final creep)'
LAST_MOVE_VAL1 = '-0.000390087; 3; -2.99992'
LAST_MOVE_VAL2 = '-0.00029983; -3; 3.00002'
LAST_MEAS_OBS_X = 49.54584091540078
LAST_MEAS_OBS_Y = 13.450392315329408
