# Configuration file for unit M00440.

#ID
POS_ID = 'M00440'
CAN_ID = 385
DEVICE_ID = -1
PETAL_ID = -1

# STATE
POS_T = 123.09936827610633
POS_P = 44.373270701925435
GENERAL_SETTINGS_FILE = '_genl_settings_DEFAULT.conf'

# CALIBRATION
LENGTH_R1 = 3.0576969172612265
LENGTH_R2 = 3.1370201938710522
OFFSET_T = -143.96980646295864
OFFSET_P = -2.9783058774205671
GEAR_CALIB_T = 1.0
GEAR_CALIB_P = 1.0
GEAR_TYPE_T = 'namiki'
GEAR_TYPE_P = 'namiki'
OFFSET_X = 38.464691937221559
OFFSET_Y = 32.408019609409244
PHYSICAL_RANGE_T = 393.3077812255658
PHYSICAL_RANGE_P = 186.35885854665116
MOTOR_CCW_DIR_T = -1
MOTOR_CCW_DIR_P = -1
MOTOR_ID_T = 1
MOTOR_ID_P = 0

# HISTORY
TOTAL_MOVE_SEQUENCES = 2284
TOTAL_CRUISE_MOVES_T = 506
TOTAL_CRUISE_MOVES_P = 510
TOTAL_CREEP_MOVES_T = 6321
TOTAL_CREEP_MOVES_P = 6317
TOTAL_LIMIT_SEEKS_T = 14
TOTAL_LIMIT_SEEKS_P = 17
LAST_PRIMARY_HARDSTOP_DIR_T = -1.0
LAST_PRIMARY_HARDSTOP_DIR_P = 1.0
LAST_MOVE_CMD = 'dXdY; (auto backlash backup); (auto final creep)'
LAST_MOVE_VAL1 = '-0.000264885; 3; -3.00012'
LAST_MOVE_VAL2 = '0.000403428; -3; 2.99996'
LAST_MEAS_OBS_X = 44.26433804470122
LAST_MEAS_OBS_Y = 32.408727712862635
