# Template file for configuration of individual fiber positioner unit.

# ID
POS_ID = 'M00056'
CAN_ID = 399
DEVICE_ID = -1
PETAL_ID = -1

# STATE
POS_T = 105.24038493735843
POS_P = 43.814082422571651
GENERAL_SETTINGS_FILE = '_genl_settings_DEFAULT.conf'

# CALIBRATION
LENGTH_R1 = 3.0538510846240126
LENGTH_R2 = 3.1313708804335483
OFFSET_T = -125.21790594588148
OFFSET_P = -3.4217995178744616
GEAR_CALIB_T = 1.0
GEAR_CALIB_P = 1.0
GEAR_TYPE_T = 'namiki'
GEAR_TYPE_P = 'namiki'
OFFSET_X = 37.653529258254771
OFFSET_Y = 26.106019033575357
PHYSICAL_RANGE_T = 321.51133926108571
PHYSICAL_RANGE_P = 188.06687275506039
MOTOR_CCW_DIR_T = -1
MOTOR_CCW_DIR_P = -1
MOTOR_ID_T = 1
MOTOR_ID_P = 0

# HISTORY
TOTAL_MOVE_SEQUENCES = 4370
TOTAL_CRUISE_MOVES_T = 782
TOTAL_CRUISE_MOVES_P = 864
TOTAL_CREEP_MOVES_T = 12282
TOTAL_CREEP_MOVES_P = 12200
TOTAL_LIMIT_SEEKS_T = 23
TOTAL_LIMIT_SEEKS_P = 28
LAST_PRIMARY_HARDSTOP_DIR_T = -1.0
LAST_PRIMARY_HARDSTOP_DIR_P = 1.0
LAST_MOVE_CMD = 'dXdY; (auto backlash backup); (auto final creep)'
LAST_MOVE_VAL1 = '-0.000125706; 3; -3.00016'
LAST_MOVE_VAL2 = '-0.00122742; -3; 2.99996'
LAST_MEAS_OBS_X = 43.453320101897816
LAST_MEAS_OBS_Y = 26.105499435529
