# Configuration file for unit M00415.

#ID
POS_ID = 'M00415'
CAN_ID = 424
DEVICE_ID = -1
PETAL_ID = -1

# STATE
POS_T = 29.273071447366675
POS_P = 42.133492469135682
GENERAL_SETTINGS_FILE = '_genl_settings_DEFAULT.conf'

# CALIBRATION
LENGTH_R1 = 3.0622667798064329
LENGTH_R2 = 3.0336274995501258
OFFSET_T = -47.54690705303021
OFFSET_P = -5.5724179980586257
GEAR_CALIB_T = 1.0
GEAR_CALIB_P = 1.0
GEAR_TYPE_T = 'namiki'
GEAR_TYPE_P = 'namiki'
OFFSET_X = 22.845999948222218
OFFSET_Y = 31.757401291363546
PHYSICAL_RANGE_T = 392.03902377193276
PHYSICAL_RANGE_P = 190.0
MOTOR_CCW_DIR_T = -1
MOTOR_CCW_DIR_P = -1
MOTOR_ID_T = 1
MOTOR_ID_P = 0

# HISTORY
TOTAL_MOVE_SEQUENCES = 2155
TOTAL_CRUISE_MOVES_T = 406
TOTAL_CRUISE_MOVES_P = 419
TOTAL_CREEP_MOVES_T = 6050
TOTAL_CREEP_MOVES_P = 6037
TOTAL_LIMIT_SEEKS_T = 5
TOTAL_LIMIT_SEEKS_P = 6
LAST_PRIMARY_HARDSTOP_DIR_T = -1.0
LAST_PRIMARY_HARDSTOP_DIR_P = 1.0
LAST_MOVE_CMD = 'dXdY; (auto backlash backup); (auto final creep)'
LAST_MOVE_VAL1 = '-0.000359454; 3; -3.00021'
LAST_MOVE_VAL2 = '0.000201356; -3; 2.99999'
LAST_MEAS_OBS_X = 28.645535186711925
LAST_MEAS_OBS_Y = 31.75761430345406
