# Template file for configuration of individual fiber positioner unit.

# ID
POS_ID = 'M00367'
CAN_ID = 171
DEVICE_ID = -1
PETAL_ID = -1

# STATE
POS_T = -7.877597238348244e-05
POS_P = 170.00006254916087
GENERAL_SETTINGS_FILE = '_genl_settings_DEFAULT.conf'

# CALIBRATION
LENGTH_R1 = 3.022955301945579
LENGTH_R2 = 3.1055043227259813
OFFSET_T = 1.2912063546123402
OFFSET_P = 2.5082346410017067
GEAR_CALIB_T = 1.0
GEAR_CALIB_P = 1.0
GEAR_TYPE_T = 'namiki'
GEAR_TYPE_P = 'namiki'
OFFSET_X = 60.897093733389625
OFFSET_Y = 16.23189921672582
PHYSICAL_RANGE_T = 394.01835705811766
PHYSICAL_RANGE_P = 187.3097471814694
MOTOR_CCW_DIR_T = -1
MOTOR_CCW_DIR_P = -1
MOTOR_ID_T = 1
MOTOR_ID_P = 0

# HISTORY
TOTAL_MOVE_SEQUENCES = 42824
TOTAL_CRUISE_MOVES_T = 8349
TOTAL_CRUISE_MOVES_P = 8368
TOTAL_CREEP_MOVES_T = 119847
TOTAL_CREEP_MOVES_P = 119828
TOTAL_LIMIT_SEEKS_T = 164
TOTAL_LIMIT_SEEKS_P = 196
LAST_PRIMARY_HARDSTOP_DIR_T = -1.0
LAST_PRIMARY_HARDSTOP_DIR_P = 1.0
LAST_MOVE_CMD = 'direct_dtdp; (auto backlash backup); (auto final creep)'
LAST_MOVE_VAL1 = '0; 0; 0'
LAST_MOVE_VAL2 = '-10; -3; 2.99712'
LAST_MEAS_OBS_X = 66.69743008056929
LAST_MEAS_OBS_Y = 16.22997348352696
