# Configuration file for unit M00669.

#ID
POS_ID = 'M00669'
CAN_ID = 443
DEVICE_ID = -1
PETAL_ID = -1

# STATE
POS_T = -4.3623918822918277
POS_P = 46.373777037036923
GENERAL_SETTINGS_FILE = '_genl_settings_DEFAULT.conf'

# CALIBRATION
LENGTH_R1 = 2.9857126968679975
LENGTH_R2 = 3.1335766336836754
OFFSET_T = -14.999635572831176
OFFSET_P = -9.1431613372236882
GEAR_CALIB_T = 1.0
GEAR_CALIB_P = 1.0
GEAR_TYPE_T = 'namiki'
GEAR_TYPE_P = 'namiki'
OFFSET_X = 15.499669790747154
OFFSET_Y = 48.373563936841315
PHYSICAL_RANGE_T = 394.17348820902771
PHYSICAL_RANGE_P = 190.0
MOTOR_CCW_DIR_T = -1
MOTOR_CCW_DIR_P = -1
MOTOR_ID_T = 1
MOTOR_ID_P = 0

# HISTORY
TOTAL_MOVE_SEQUENCES = 2284
TOTAL_CRUISE_MOVES_T = 504
TOTAL_CRUISE_MOVES_P = 514
TOTAL_CREEP_MOVES_T = 6324
TOTAL_CREEP_MOVES_P = 6314
TOTAL_LIMIT_SEEKS_T = 14
TOTAL_LIMIT_SEEKS_P = 17
LAST_PRIMARY_HARDSTOP_DIR_T = -1.0
LAST_PRIMARY_HARDSTOP_DIR_P = 1.0
LAST_MOVE_CMD = 'dXdY; (auto backlash backup); (auto final creep)'
LAST_MOVE_VAL1 = '-0.000530869; 3; -3.00007'
LAST_MOVE_VAL2 = '-0.000150626; -3; 3.00007'
LAST_MEAS_OBS_X = 21.299257845824133
LAST_MEAS_OBS_Y = 48.37366308882271
