# Template file for configuration of individual fiber positioner unit.

# ID
POS_ID = 'M00189'
CAN_ID = 107
DEVICE_ID = -1
PETAL_ID = -1

# STATE
POS_T = 30.980821347465778
POS_P = 39.708778888888943
GENERAL_SETTINGS_FILE = '_genl_settings_DEFAULT.conf'

# CALIBRATION
LENGTH_R1 = 2.9876422098098403
LENGTH_R2 = 3.1124293384700619
OFFSET_T = -48.929675887564869
OFFSET_P = -3.6050849910186855
GEAR_CALIB_T = 1.0
GEAR_CALIB_P = 1.0
GEAR_TYPE_T = 'namiki'
GEAR_TYPE_P = 'namiki'
OFFSET_X = 67.518203263911047
OFFSET_Y = 26.225215851239451
PHYSICAL_RANGE_T = 394.5068632309941
PHYSICAL_RANGE_P = 190.0
MOTOR_CCW_DIR_T = -1
MOTOR_CCW_DIR_P = -1
MOTOR_ID_T = 1
MOTOR_ID_P = 0

# HISTORY
TOTAL_MOVE_SEQUENCES = 2202
TOTAL_CRUISE_MOVES_T = 423
TOTAL_CRUISE_MOVES_P = 449
TOTAL_CREEP_MOVES_T = 6176
TOTAL_CREEP_MOVES_P = 6150
TOTAL_LIMIT_SEEKS_T = 13
TOTAL_LIMIT_SEEKS_P = 14
LAST_PRIMARY_HARDSTOP_DIR_T = -1.0
LAST_PRIMARY_HARDSTOP_DIR_P = 1.0
LAST_MOVE_CMD = 'dXdY; (auto backlash backup); (auto final creep)'
LAST_MOVE_VAL1 = '-0.000474487; 3; -3.00009'
LAST_MOVE_VAL2 = '-0.000952039; -3; 3'
LAST_MEAS_OBS_X = 73.31776970046693
LAST_MEAS_OBS_Y = 26.226787225988172
