# Template file for configuration of individual fiber positioner unit.

# ID
POS_ID = 'M00307'
CAN_ID = 150
DEVICE_ID = -1
PETAL_ID = -1

# STATE
POS_T = -194.1717528072164
POS_P = 188.4097709821489
GENERAL_SETTINGS_FILE = '_genl_settings_DEFAULT.conf'

# CALIBRATION
LENGTH_R1 = 3.0277860417218991
LENGTH_R2 = 2.9225720595813822
OFFSET_T = 22.755732850127131
OFFSET_P = 10.479096249210485
GEAR_CALIB_T = 1.0
GEAR_CALIB_P = 1.0
GEAR_TYPE_T = 'namiki'
GEAR_TYPE_P = 'namiki'
OFFSET_X = 75.805041525105722
OFFSET_Y = 16.271322344151951
PHYSICAL_RANGE_T = 394.34350561443279
PHYSICAL_RANGE_P = 193.34320301227163
MOTOR_CCW_DIR_T = -1
MOTOR_CCW_DIR_P = -1
MOTOR_ID_T = 1
MOTOR_ID_P = 0

# HISTORY
TOTAL_MOVE_SEQUENCES = 45002
TOTAL_CRUISE_MOVES_T = 8767
TOTAL_CRUISE_MOVES_P = 8797
TOTAL_CREEP_MOVES_T = 125958
TOTAL_CREEP_MOVES_P = 125928
TOTAL_LIMIT_SEEKS_T = 176
TOTAL_LIMIT_SEEKS_P = 209
LAST_PRIMARY_HARDSTOP_DIR_T = -1.0
LAST_PRIMARY_HARDSTOP_DIR_P = 1.0
LAST_MOVE_CMD = 'P limit seek; T limit seek; debounce direct_dtdp; debounce direct_dtdp'
LAST_MOVE_VAL1 = '0; -1; 3; 3'
LAST_MOVE_VAL2 = '1; 0; -3; -3'
LAST_MEAS_OBS_X = 81.60479599355273
LAST_MEAS_OBS_Y = 16.270355242957702
