# Configuration file for unit M00668.

#ID
POS_ID = 'M00668'
CAN_ID = 466
DEVICE_ID = -1
PETAL_ID = -1

# STATE
POS_T = 169.88401724394726
POS_P = 37.270506216713805
GENERAL_SETTINGS_FILE = '_genl_settings_DEFAULT.conf'

# CALIBRATION
LENGTH_R1 = 3.0236312139426755
LENGTH_R2 = 3.1196371425481555
OFFSET_T = 170.42214881492615
OFFSET_P = 1.2954819844930512
GEAR_CALIB_T = 1.0
GEAR_CALIB_P = 1.0
GEAR_TYPE_T = 'namiki'
GEAR_TYPE_P = 'namiki'
OFFSET_X = 23.327327887245715
OFFSET_Y = 32.317447608219723
PHYSICAL_RANGE_T = 393.46818773432813
PHYSICAL_RANGE_P = 188.75541343750845
MOTOR_CCW_DIR_T = -1
MOTOR_CCW_DIR_P = -1
MOTOR_ID_T = 1
MOTOR_ID_P = 0

# HISTORY
TOTAL_MOVE_SEQUENCES = 836
TOTAL_CRUISE_MOVES_T = 198
TOTAL_CRUISE_MOVES_P = 193
TOTAL_CREEP_MOVES_T = 2301
TOTAL_CREEP_MOVES_P = 2306
TOTAL_LIMIT_SEEKS_T = 4
TOTAL_LIMIT_SEEKS_P = 5
LAST_PRIMARY_HARDSTOP_DIR_T = -1.0
LAST_PRIMARY_HARDSTOP_DIR_P = 1.0
LAST_MOVE_CMD = 'dXdY; (auto backlash backup); (auto final creep)'
LAST_MOVE_VAL1 = '0.000387726; 3; -2.99994'
LAST_MOVE_VAL2 = '-0.000337824; -3; 3.00007'
LAST_MEAS_OBS_X = 29.127699778193822
LAST_MEAS_OBS_Y = 32.31733049908664
