# Settings file for unit: M00390

POS_ID = 'M00390'
CAN_ID = 390
DEVICE_ID = -1
PETAL_ID = -1

# STATE
POS_T = 154.37157018226364
POS_P = 52.245146036640385
GENERAL_SETTINGS_FILE = '_genl_settings_DEFAULT.conf'

# CALIBRATION
LENGTH_R1 = 2.9093712623528059
LENGTH_R2 = 3.1036892814547512
OFFSET_T = -147.36931336397737
OFFSET_P = 1.8240963893882873
GEAR_CALIB_T = 1.0
GEAR_CALIB_P = 1.0
GEAR_TYPE_T = 'namiki'
GEAR_TYPE_P = 'namiki'
OFFSET_X = 27.180425083395136
OFFSET_Y = 31.415509532880002
PHYSICAL_RANGE_T = 395.5648853144865
PHYSICAL_RANGE_P = 186.12816434677461
MOTOR_CCW_DIR_T = -1
MOTOR_CCW_DIR_P = -1
MOTOR_ID_T = 1
MOTOR_ID_P = 0

# HISTORY
TOTAL_MOVE_SEQUENCES = 1833
TOTAL_CRUISE_MOVES_T = 865
TOTAL_CRUISE_MOVES_P = 918
TOTAL_CREEP_MOVES_T = 4564
TOTAL_CREEP_MOVES_P = 4511
TOTAL_LIMIT_SEEKS_T = 54
TOTAL_LIMIT_SEEKS_P = 63
LAST_PRIMARY_HARDSTOP_DIR_T = -1.0
LAST_PRIMARY_HARDSTOP_DIR_P = 1.0
LAST_MOVE_CMD = 'dXdY; (auto backlash backup); (auto final creep)'
LAST_MOVE_VAL1 = '-0.000540608; 3; -2.99996'
LAST_MOVE_VAL2 = '0.00144568; -3; 3.00018'
LAST_MEAS_OBS_X = 31.536333570836163
LAST_MEAS_OBS_Y = 34.52762797510859
