# Configuration file for unit M00448.

#ID
POS_ID = 'M00448'
CAN_ID = 281
DEVICE_ID = -1
PETAL_ID = -1

# STATE
POS_T = -158.13702777082977
POS_P = 32.810875599552688
GENERAL_SETTINGS_FILE = '_genl_settings_DEFAULT.conf'

# CALIBRATION
LENGTH_R1 = 2.8926879407457089
LENGTH_R2 = 3.1264058761672024
OFFSET_T = 141.71246075528629
OFFSET_P = -1.3828688789152608
GEAR_CALIB_T = 1.0
GEAR_CALIB_P = 1.0
GEAR_TYPE_T = 'namiki'
GEAR_TYPE_P = 'namiki'
OFFSET_X = 46.115922298366918
OFFSET_Y = 16.685035652033662
PHYSICAL_RANGE_T = 393.2256804799315
PHYSICAL_RANGE_P = 188.25569626591567
MOTOR_CCW_DIR_T = -1
MOTOR_CCW_DIR_P = -1
MOTOR_ID_T = 1
MOTOR_ID_P = 0

# HISTORY
TOTAL_MOVE_SEQUENCES = 2284
TOTAL_CRUISE_MOVES_T = 509
TOTAL_CRUISE_MOVES_P = 513
TOTAL_CREEP_MOVES_T = 6318
TOTAL_CREEP_MOVES_P = 6314
TOTAL_LIMIT_SEEKS_T = 14
TOTAL_LIMIT_SEEKS_P = 17
LAST_PRIMARY_HARDSTOP_DIR_T = -1.0
LAST_PRIMARY_HARDSTOP_DIR_P = 1.0
LAST_MOVE_CMD = 'dXdY; (auto backlash backup); (auto final creep)'
LAST_MOVE_VAL1 = '-0.000564542; 3; -3.00006'
LAST_MOVE_VAL2 = '0.000330186; -3; 3.00015'
LAST_MEAS_OBS_X = 51.9155991683614
LAST_MEAS_OBS_Y = 16.684871509389733
