# Template file for configuration of individual fiber positioner unit.

# ID
POS_ID = 'M00194'
CAN_ID = 265
DEVICE_ID = -1
PETAL_ID = -1

# STATE
POS_T = -2.7212317377234285e-06
POS_P = 179.99992099471368
GENERAL_SETTINGS_FILE = '_genl_settings_DEFAULT.conf'

# CALIBRATION
LENGTH_R1 = 3.0300161584717995
LENGTH_R2 = 3.025205251213336
OFFSET_T = -165.33790437037646
OFFSET_P = 10.535832729015148
GEAR_CALIB_T = 1.0
GEAR_CALIB_P = 1.0
GEAR_TYPE_T = 'namiki'
GEAR_TYPE_P = 'namiki'
OFFSET_X = 52.917497105570156
OFFSET_Y = 32.329891378027064
PHYSICAL_RANGE_T = 391.8377412449327
PHYSICAL_RANGE_P = 192.127456173735
MOTOR_CCW_DIR_T = -1
MOTOR_CCW_DIR_P = -1
MOTOR_ID_T = 1
MOTOR_ID_P = 0

# HISTORY
TOTAL_MOVE_SEQUENCES = 2267
TOTAL_CRUISE_MOVES_T = 477
TOTAL_CRUISE_MOVES_P = 483
TOTAL_CREEP_MOVES_T = 6309
TOTAL_CREEP_MOVES_P = 6303
TOTAL_LIMIT_SEEKS_T = 17
TOTAL_LIMIT_SEEKS_P = 19
LAST_PRIMARY_HARDSTOP_DIR_T = -1.0
LAST_PRIMARY_HARDSTOP_DIR_P = 1.0
LAST_MOVE_CMD = 'direct_dtdp; (auto backlash backup); (auto final creep)'
LAST_MOVE_VAL1 = '0; 0; 0'
LAST_MOVE_VAL2 = '10; -3; 3.00301'
LAST_MEAS_OBS_X = 58.717954171760724
LAST_MEAS_OBS_Y = 32.329614530443045
