# Configuration file for unit M00323.

#ID
POS_ID = 'M00323'
CAN_ID = 88
DEVICE_ID = -1
PETAL_ID = -1

# STATE
POS_T = 179.99989215332926
POS_P = -2.9998761308114084
GENERAL_SETTINGS_FILE = '_genl_settings_DEFAULT.conf'

# CALIBRATION
LENGTH_R1 = 3.0079086888971851
LENGTH_R2 = 3.0169881725557781
OFFSET_T = -33.567541971871663
OFFSET_P = -0.61275745327081665
GEAR_CALIB_T = 1.0
GEAR_CALIB_P = 1.0
GEAR_TYPE_T = 'namiki'
GEAR_TYPE_P = 'namiki'
OFFSET_X = 75.262132945135832
OFFSET_Y = 48.076753783458848
PHYSICAL_RANGE_T = 393.78840507605776
PHYSICAL_RANGE_P = 185.75560547953958
MOTOR_CCW_DIR_T = -1
MOTOR_CCW_DIR_P = -1
MOTOR_ID_T = 1
MOTOR_ID_P = 0

# HISTORY
TOTAL_MOVE_SEQUENCES = 2656
TOTAL_CRUISE_MOVES_T = 560
TOTAL_CRUISE_MOVES_P = 586
TOTAL_CREEP_MOVES_T = 7373
TOTAL_CREEP_MOVES_P = 7347
TOTAL_LIMIT_SEEKS_T = 19
TOTAL_LIMIT_SEEKS_P = 23
LAST_PRIMARY_HARDSTOP_DIR_T = -1.0
LAST_PRIMARY_HARDSTOP_DIR_P = 1.0
LAST_MOVE_CMD = 'posTP; (auto backlash backup); (auto final creep)'
LAST_MOVE_VAL1 = '180; 3; -3.00322'
LAST_MOVE_VAL2 = '-3; -3; -4.142'
LAST_MEAS_OBS_X = 81.06207824471436
LAST_MEAS_OBS_Y = 48.07662455008885
