# Configuration file for unit M00351.

#ID
POS_ID = 'M00351'
CAN_ID = 351
DEVICE_ID = -1
PETAL_ID = -1

# STATE
POS_T = 99.559149544858755
POS_P = 61.388809940319497
GENERAL_SETTINGS_FILE = '_genl_settings_DEFAULT.conf'

# CALIBRATION
LENGTH_R1 = 2.8900056641498426
LENGTH_R2 = 3.0422106264633602
OFFSET_T = -89.829988877919845
OFFSET_P = -2.1608273459016814
GEAR_CALIB_T = 1.0
GEAR_CALIB_P = 1.0
GEAR_TYPE_T = 'namiki'
GEAR_TYPE_P = 'namiki'
OFFSET_X = 45.219171607248363
OFFSET_Y = 10.719030149604841
PHYSICAL_RANGE_T = 395.44624140411202
PHYSICAL_RANGE_P = 187.96537180653311
MOTOR_CCW_DIR_T = -1
MOTOR_CCW_DIR_P = -1
MOTOR_ID_T = 1
MOTOR_ID_P = 0

# HISTORY
TOTAL_MOVE_SEQUENCES = 3495
TOTAL_CRUISE_MOVES_T = 1393
TOTAL_CRUISE_MOVES_P = 1451
TOTAL_CREEP_MOVES_T = 9036
TOTAL_CREEP_MOVES_P = 8978
TOTAL_LIMIT_SEEKS_T = 32
TOTAL_LIMIT_SEEKS_P = 36
LAST_PRIMARY_HARDSTOP_DIR_T = -1.0
LAST_PRIMARY_HARDSTOP_DIR_P = 1.0
LAST_MOVE_CMD = 'dXdY; (auto backlash backup); (auto final creep)'
LAST_MOVE_VAL1 = '-0.00206009; 3; -3.00003'
LAST_MOVE_VAL2 = '-0.00967876; -3; 2.99999'
LAST_MEAS_OBS_X = 49.56768685987105
LAST_MEAS_OBS_Y = 13.834745651315805
