# Configuration file for unit M00116.
# Note this unit is one of the first 3 gamma prototypes

#ID
POS_ID = 'M00116'
CAN_ID = 116
DEVICE_ID = -1
PETAL_ID = -1

# STATE
POS_T = -6.860382572426715e-05
POS_P = 169.9999279044568
GENERAL_SETTINGS_FILE = '_genl_settings_DEFAULT.conf'

# CALIBRATION
LENGTH_R1 = 2.968347951523608
LENGTH_R2 = 3.029660041081697
OFFSET_T = 104.05955752452938
OFFSET_P = -2.642276689116052
GEAR_CALIB_T = 1.0
GEAR_CALIB_P = 1.0
GEAR_TYPE_T = 'namiki'
GEAR_TYPE_P = 'namiki'
OFFSET_X = 45.16087387126909
OFFSET_Y = 10.516924709264027
PHYSICAL_RANGE_T = 393.9134041212318
PHYSICAL_RANGE_P = 188.00095785336077
MOTOR_CCW_DIR_T = -1
MOTOR_CCW_DIR_P = -1
MOTOR_ID_T = 1
MOTOR_ID_P = 0

# HISTORY
TOTAL_MOVE_SEQUENCES = 4990
TOTAL_CRUISE_MOVES_T = 1264
TOTAL_CRUISE_MOVES_P = 1245
TOTAL_CREEP_MOVES_T = 13686
TOTAL_CREEP_MOVES_P = 13705
TOTAL_LIMIT_SEEKS_T = 29
TOTAL_LIMIT_SEEKS_P = 33
LAST_PRIMARY_HARDSTOP_DIR_T = -1.0
LAST_PRIMARY_HARDSTOP_DIR_P = 1.0
LAST_MOVE_CMD = 'direct_dtdp; (auto backlash backup); (auto final creep)'
LAST_MOVE_VAL1 = '0; 0; 0'
LAST_MOVE_VAL2 = '-10; -3; 2.99712'
LAST_MEAS_OBS_X = 43.43683530388286
LAST_MEAS_OBS_Y = 14.39360425423584
