# Configuration file for unit M00453.

#ID
POS_ID = 'M00453'
CAN_ID = 384
DEVICE_ID = -1
PETAL_ID = -1

# STATE
POS_T = -176.99792861719365
POS_P = 29.443181523864205
GENERAL_SETTINGS_FILE = '_genl_settings_DEFAULT.conf'

# CALIBRATION
LENGTH_R1 = 2.9758876089113908
LENGTH_R2 = 3.0555262588542593
OFFSET_T = 160.80811384127611
OFFSET_P = 2.4322381930090842
GEAR_CALIB_T = 1.0
GEAR_CALIB_P = 1.0
GEAR_TYPE_T = 'namiki'
GEAR_TYPE_P = 'namiki'
OFFSET_X = 15.710701644468335
OFFSET_Y = 16.279090923189855
PHYSICAL_RANGE_T = 395.12930488870757
PHYSICAL_RANGE_P = 182.89162643014123
MOTOR_CCW_DIR_T = -1
MOTOR_CCW_DIR_P = -1
MOTOR_ID_T = 1
MOTOR_ID_P = 0

# HISTORY
TOTAL_MOVE_SEQUENCES = 2284
TOTAL_CRUISE_MOVES_T = 506
TOTAL_CRUISE_MOVES_P = 513
TOTAL_CREEP_MOVES_T = 6322
TOTAL_CREEP_MOVES_P = 6315
TOTAL_LIMIT_SEEKS_T = 14
TOTAL_LIMIT_SEEKS_P = 17
LAST_PRIMARY_HARDSTOP_DIR_T = -1.0
LAST_PRIMARY_HARDSTOP_DIR_P = 1.0
LAST_MOVE_CMD = 'dXdY; (auto backlash backup); (auto final creep)'
LAST_MOVE_VAL1 = '-7.42694e-05; 3; -3.00003'
LAST_MOVE_VAL2 = '-6.26898e-05; -3; 3.00016'
LAST_MEAS_OBS_X = 21.51056207370069
LAST_MEAS_OBS_Y = 16.278409027898377
