# Configuration file for unit M00836.

#ID
POS_ID = 'M00836'
CAN_ID = 553
DEVICE_ID = -1
PETAL_ID = -1

# STATE
POS_T = -0.00012451389552836645
POS_P = 180.00007250598028
GENERAL_SETTINGS_FILE = '_genl_settings_DEFAULT.conf'

# CALIBRATION
LENGTH_R1 = 3.0757478946187771
LENGTH_R2 = 3.1137757319291359
OFFSET_T = -145.69777534932692
OFFSET_P = -3.6518628935567961
GEAR_CALIB_T = 1.0
GEAR_CALIB_P = 1.0
GEAR_TYPE_T = 'namiki'
GEAR_TYPE_P = 'namiki'
OFFSET_X = 68.460274295256042
OFFSET_Y = 32.557478165420186
PHYSICAL_RANGE_T = 396.33882236112515
PHYSICAL_RANGE_P = 188.69393070188795
MOTOR_CCW_DIR_T = -1
MOTOR_CCW_DIR_P = -1
MOTOR_ID_T = 1
MOTOR_ID_P = 0

# HISTORY
TOTAL_MOVE_SEQUENCES = 873
TOTAL_CRUISE_MOVES_T = 208
TOTAL_CRUISE_MOVES_P = 227
TOTAL_CREEP_MOVES_T = 2402
TOTAL_CREEP_MOVES_P = 2383
TOTAL_LIMIT_SEEKS_T = 10
TOTAL_LIMIT_SEEKS_P = 11
LAST_PRIMARY_HARDSTOP_DIR_T = -1.0
LAST_PRIMARY_HARDSTOP_DIR_P = 1.0
LAST_MOVE_CMD = 'posTP; (auto backlash backup); (auto final creep)'
LAST_MOVE_VAL1 = '0; 3; -3.00261'
LAST_MOVE_VAL2 = '180; -3; 3.00088'
LAST_MEAS_OBS_X = 74.26045946338476
LAST_MEAS_OBS_Y = 32.557675344324934
