# Template file for configuration of individual fiber positioner unit.

# ID
POS_ID = 'M00174'
CAN_ID = 116
DEVICE_ID = -1
PETAL_ID = -1

# STATE
POS_T = -193.0842808616011
POS_P = 179.86085988145678
GENERAL_SETTINGS_FILE = '_genl_settings_DEFAULT.conf'

# CALIBRATION
LENGTH_R1 = 3.0823941720203876
LENGTH_R2 = 3.027553475801101
OFFSET_T = -81.38931319588188
OFFSET_P = -4.441559091375055
GEAR_CALIB_T = 1.0
GEAR_CALIB_P = 1.0
GEAR_TYPE_T = 'namiki'
GEAR_TYPE_P = 'namiki'
OFFSET_X = 43.21390939473742
OFFSET_Y = 54.56687115261772
PHYSICAL_RANGE_T = 392.1685617232022
PHYSICAL_RANGE_P = 184.70793927419876
MOTOR_CCW_DIR_T = -1
MOTOR_CCW_DIR_P = -1
MOTOR_ID_T = 1
MOTOR_ID_P = 0

# HISTORY
TOTAL_MOVE_SEQUENCES = 49726
TOTAL_CRUISE_MOVES_T = 47269
TOTAL_CRUISE_MOVES_P = 46790
TOTAL_CREEP_MOVES_T = 80018
TOTAL_CREEP_MOVES_P = 80497
TOTAL_LIMIT_SEEKS_T = 21694
TOTAL_LIMIT_SEEKS_P = 21735
LAST_PRIMARY_HARDSTOP_DIR_T = -1.0
LAST_PRIMARY_HARDSTOP_DIR_P = 1.0
LAST_MOVE_CMD = 'P limit seek; T limit seek; debounce direct_dtdp; debounce direct_dtdp'
LAST_MOVE_VAL1 = '0; -1; 3; 3'
LAST_MOVE_VAL2 = '1; 0; -3; -3'
LAST_MEAS_OBS_X = 49.015413505858156
LAST_MEAS_OBS_Y = 54.55813896803198
