# Configuration file for unit M00124.
# Note this unit is one of the first 3 gamma prototypes

#ID
POS_ID = 'M00124'
CAN_ID = 124
DEVICE_ID = -1
PETAL_ID = -1

# STATE
POS_T = -0.00013852487106191802
POS_P = 170.00008789819398
GENERAL_SETTINGS_FILE = '_genl_settings_DEFAULT.conf'

# CALIBRATION
LENGTH_R1 = 2.655220898579818
LENGTH_R2 = 3.1339942899473794
OFFSET_T = 160.63083781923427
OFFSET_P = -1.2746633600168877
GEAR_CALIB_T = 1.0
GEAR_CALIB_P = 1.0
GEAR_TYPE_T = 'namiki'
GEAR_TYPE_P = 'namiki'
OFFSET_X = 27.07804748239008
OFFSET_Y = 31.369845972931984
PHYSICAL_RANGE_T = 392.29568495097675
PHYSICAL_RANGE_P = 188.37688389766444
MOTOR_CCW_DIR_T = -1
MOTOR_CCW_DIR_P = -1
MOTOR_ID_T = 1
MOTOR_ID_P = 0

# HISTORY
TOTAL_MOVE_SEQUENCES = 4990
TOTAL_CRUISE_MOVES_T = 1289
TOTAL_CRUISE_MOVES_P = 1304
TOTAL_CREEP_MOVES_T = 13660
TOTAL_CREEP_MOVES_P = 13645
TOTAL_LIMIT_SEEKS_T = 29
TOTAL_LIMIT_SEEKS_P = 33
LAST_PRIMARY_HARDSTOP_DIR_T = -1.0
LAST_PRIMARY_HARDSTOP_DIR_P = 1.0
LAST_MOVE_CMD = 'direct_dtdp; (auto backlash backup); (auto final creep)'
LAST_MOVE_VAL1 = '0; 0; 0'
LAST_MOVE_VAL2 = '-10; -3; 2.99712'
LAST_MEAS_OBS_X = 25.35503417335864
LAST_MEAS_OBS_Y = 35.24666956228683
