# Template file for configuration of individual fiber positioner unit.

# ID
POS_ID = 'M00059'
CAN_ID = 59
DEVICE_ID = -1
PETAL_ID = -1

# STATE
POS_T = -0.00013889226258356757
POS_P = 179.99995089541801
GENERAL_SETTINGS_FILE = '_genl_settings_DEFAULT.conf'

# CALIBRATION
LENGTH_R1 = 2.6428455356524605
LENGTH_R2 = 3.0209696501888534
OFFSET_T = -158.6825758886533
OFFSET_P = -2.3422791971917434
GEAR_CALIB_T = 1.0
GEAR_CALIB_P = 1.0
GEAR_TYPE_T = 'namiki'
GEAR_TYPE_P = 'namiki'
OFFSET_X = 79.637968935644977
OFFSET_Y = 22.641791832703198
PHYSICAL_RANGE_T = 393.7801558092166
PHYSICAL_RANGE_P = 183.13938075232394
MOTOR_CCW_DIR_T = -1
MOTOR_CCW_DIR_P = -1
MOTOR_ID_T = 1
MOTOR_ID_P = 0

# HISTORY
TOTAL_MOVE_SEQUENCES = 7414
TOTAL_CRUISE_MOVES_T = 1907
TOTAL_CRUISE_MOVES_P = 2000
TOTAL_CREEP_MOVES_T = 20253
TOTAL_CREEP_MOVES_P = 20160
TOTAL_LIMIT_SEEKS_T = 62
TOTAL_LIMIT_SEEKS_P = 73
LAST_PRIMARY_HARDSTOP_DIR_T = -1.0
LAST_PRIMARY_HARDSTOP_DIR_P = 1.0
LAST_MOVE_CMD = 'direct_dtdp; (auto backlash backup); (auto final creep)'
LAST_MOVE_VAL1 = '0; 0; 0'
LAST_MOVE_VAL2 = '10; -3; 3.00301'
LAST_MEAS_OBS_X = 85.23836985817616
LAST_MEAS_OBS_Y = 22.64147393265252
