# Template file for configuration of individual fiber positioner unit.

# ID
POS_ID = 'M00265'
CAN_ID = 204
DEVICE_ID = -1
PETAL_ID = -1

# STATE
POS_T = -135.3259193261091
POS_P = 114.77888620327366
GENERAL_SETTINGS_FILE = '_genl_settings_DEFAULT.conf'

# CALIBRATION
LENGTH_R1 = 2.9885498665354957
LENGTH_R2 = 3.0850929283824828
OFFSET_T = -135.71214844489
OFFSET_P = 0.54956820903736059
GEAR_CALIB_T = 1.0
GEAR_CALIB_P = 1.0
GEAR_TYPE_T = 'namiki'
GEAR_TYPE_P = 'namiki'
OFFSET_X = 45.881963202247825
OFFSET_Y = 49.123957132838378
PHYSICAL_RANGE_T = 393.34992408431702
PHYSICAL_RANGE_P = 183.84557404246374
MOTOR_CCW_DIR_T = -1
MOTOR_CCW_DIR_P = -1
MOTOR_ID_T = 1
MOTOR_ID_P = 0

# HISTORY
TOTAL_MOVE_SEQUENCES = 31049
TOTAL_CRUISE_MOVES_T = 12784
TOTAL_CRUISE_MOVES_P = 10537
TOTAL_CREEP_MOVES_T = 79796
TOTAL_CREEP_MOVES_P = 82043
TOTAL_LIMIT_SEEKS_T = 325
TOTAL_LIMIT_SEEKS_P = 399
LAST_PRIMARY_HARDSTOP_DIR_T = -1.0
LAST_PRIMARY_HARDSTOP_DIR_P = 1.0
LAST_MOVE_CMD = 'dXdY; (auto backlash backup); (auto final creep)'
LAST_MOVE_VAL1 = '-0.582833; 3; -3.00482'
LAST_MOVE_VAL2 = '-0.456013; -3; 2.99995'
LAST_MEAS_OBS_X = 44.28979619255137
LAST_MEAS_OBS_Y = 51.75497043662932
