# Template file for configuration of individual fiber positioner unit.

# ID
POS_ID = 'M00341'
CAN_ID = 481
DEVICE_ID = -1
PETAL_ID = -1

# STATE
POS_T = -194.62648047286393
POS_P = 186.92902397621302
GENERAL_SETTINGS_FILE = '_genl_settings_DEFAULT.conf'

# CALIBRATION
LENGTH_R1 = 3.0023431035216523
LENGTH_R2 = 3.0218392013885413
OFFSET_T = -162.15597942997712
OFFSET_P = -1.9511780074696787
GEAR_CALIB_T = 1.0
GEAR_CALIB_P = 1.0
GEAR_TYPE_T = 'namiki'
GEAR_TYPE_P = 'namiki'
OFFSET_X = 52.915730863788099
OFFSET_Y = 32.020455760903083
PHYSICAL_RANGE_T = 395.25296094572786
PHYSICAL_RANGE_P = 191.84749896587172
MOTOR_CCW_DIR_T = -1
MOTOR_CCW_DIR_P = -1
MOTOR_ID_T = 1
MOTOR_ID_P = 0

# HISTORY
TOTAL_MOVE_SEQUENCES = 2980
TOTAL_CRUISE_MOVES_T = 577
TOTAL_CRUISE_MOVES_P = 576
TOTAL_CREEP_MOVES_T = 8346
TOTAL_CREEP_MOVES_P = 8347
TOTAL_LIMIT_SEEKS_T = 10
TOTAL_LIMIT_SEEKS_P = 12
LAST_PRIMARY_HARDSTOP_DIR_T = -1.0
LAST_PRIMARY_HARDSTOP_DIR_P = 1.0
LAST_MOVE_CMD = 'P limit seek; T limit seek; debounce direct_dtdp; debounce direct_dtdp'
LAST_MOVE_VAL1 = '0; -1; 3; 3'
LAST_MOVE_VAL2 = '1; 0; -3; -3'
LAST_MEAS_OBS_X = 58.716200422641165
LAST_MEAS_OBS_Y = 32.021424393269186
