# Settings file for unit: M00331

POS_ID = 'M00331'
CAN_ID = 378
DEVICE_ID = -1
PETAL_ID = -1

# STATE
POS_T = 173.89989578889484
POS_P = 39.308544178755319
GENERAL_SETTINGS_FILE = '_genl_settings_DEFAULT.conf'

# CALIBRATION
LENGTH_R1 = 2.8932402295308668
LENGTH_R2 = 3.097183057763373
OFFSET_T = -175.27813142365369
OFFSET_P = -6.8679061237027099
GEAR_CALIB_T = 1.0
GEAR_CALIB_P = 1.0
GEAR_TYPE_T = 'namiki'
GEAR_TYPE_P = 'namiki'
OFFSET_X = 61.04065213113325
OFFSET_Y = 48.697120642777705
PHYSICAL_RANGE_T = 394.77898842220952
PHYSICAL_RANGE_P = 183.78499711284664
MOTOR_CCW_DIR_T = -1
MOTOR_CCW_DIR_P = -1
MOTOR_ID_T = 1
MOTOR_ID_P = 0

# HISTORY
TOTAL_MOVE_SEQUENCES = 2290
TOTAL_CRUISE_MOVES_T = 1064
TOTAL_CRUISE_MOVES_P = 943
TOTAL_CREEP_MOVES_T = 5785
TOTAL_CREEP_MOVES_P = 5906
TOTAL_LIMIT_SEEKS_T = 16
TOTAL_LIMIT_SEEKS_P = 19
LAST_PRIMARY_HARDSTOP_DIR_T = -1.0
LAST_PRIMARY_HARDSTOP_DIR_P = 1.0
LAST_MOVE_CMD = 'dXdY; (auto backlash backup); (auto final creep)'
LAST_MOVE_VAL1 = '-0.0570845; 3; -2.99992'
LAST_MOVE_VAL2 = '-0.0484854; -3; 2.99855'
LAST_MEAS_OBS_X = 66.83350448659154
LAST_MEAS_OBS_Y = 48.72588926806515
