# Configuration file for unit M00318.

#ID
POS_ID = 'M00318'
CAN_ID = 249
DEVICE_ID = -1
PETAL_ID = -1

# STATE
POS_T = 97.831575102719597
POS_P = 104.78962214480806
GENERAL_SETTINGS_FILE = '_genl_settings_DEFAULT.conf'

# CALIBRATION
LENGTH_R1 = 2.9762481804160434
LENGTH_R2 = 3.1372692080423272
OFFSET_T = -51.329988335643527
OFFSET_P = 0.84960121051086901
GEAR_CALIB_T = 1.0
GEAR_CALIB_P = 1.0
GEAR_TYPE_T = 'namiki'
GEAR_TYPE_P = 'namiki'
OFFSET_X = 31.432587112119709
OFFSET_Y = 16.322686081086694
PHYSICAL_RANGE_T = 394.63828139949908
PHYSICAL_RANGE_P = 184.83162643383781
MOTOR_CCW_DIR_T = -1
MOTOR_CCW_DIR_P = -1
MOTOR_ID_T = 1
MOTOR_ID_P = 0

# HISTORY
TOTAL_MOVE_SEQUENCES = 57949
TOTAL_CRUISE_MOVES_T = 14876
TOTAL_CRUISE_MOVES_P = 14442
TOTAL_CREEP_MOVES_T = 157921
TOTAL_CREEP_MOVES_P = 158355
TOTAL_LIMIT_SEEKS_T = 540
TOTAL_LIMIT_SEEKS_P = 659
LAST_PRIMARY_HARDSTOP_DIR_T = -1.0
LAST_PRIMARY_HARDSTOP_DIR_P = 1.0
LAST_MOVE_CMD = 'obsXY; (auto backlash backup); (auto final creep)'
LAST_MOVE_VAL1 = '30.7076; 3; -3.00392'
LAST_MOVE_VAL2 = '19.9477; -3; 3.00238'
LAST_MEAS_OBS_X = 30.707154209697254
LAST_MEAS_OBS_Y = 19.22276956430327
