# Configuration file for unit M00147.
# Note this unit is one of the first 3 gamma prototypes

#ID
POS_ID = 'M00147'
CAN_ID = 147
DEVICE_ID = -1
PETAL_ID = -1

# STATE
POS_T = 3.5391433925724414e-06
POS_P = 170.0000589342804
GENERAL_SETTINGS_FILE = '_genl_settings_DEFAULT.conf'

# CALIBRATION
LENGTH_R1 = 2.7376818483534655
LENGTH_R2 = 3.0486364726282957
OFFSET_T = 94.69736114358051
OFFSET_P = -8.031048498155867
GEAR_CALIB_T = 1.0
GEAR_CALIB_P = 1.0
GEAR_TYPE_T = 'namiki'
GEAR_TYPE_P = 'namiki'
OFFSET_X = 27.11014883197466
OFFSET_Y = 10.571280600916431
PHYSICAL_RANGE_T = 393.89191761307137
PHYSICAL_RANGE_P = 189.574510209212
MOTOR_CCW_DIR_T = -1
MOTOR_CCW_DIR_P = -1
MOTOR_ID_T = 1
MOTOR_ID_P = 0

# HISTORY
TOTAL_MOVE_SEQUENCES = 4990
TOTAL_CRUISE_MOVES_T = 1512
TOTAL_CRUISE_MOVES_P = 1551
TOTAL_CREEP_MOVES_T = 13437
TOTAL_CREEP_MOVES_P = 13398
TOTAL_LIMIT_SEEKS_T = 29
TOTAL_LIMIT_SEEKS_P = 33
LAST_PRIMARY_HARDSTOP_DIR_T = -1.0
LAST_PRIMARY_HARDSTOP_DIR_P = 1.0
LAST_MOVE_CMD = 'direct_dtdp; (auto backlash backup); (auto final creep)'
LAST_MOVE_VAL1 = '0; 0; 0'
LAST_MOVE_VAL2 = '-10; -3; 2.99712'
LAST_MEAS_OBS_X = 25.38685566007427
LAST_MEAS_OBS_Y = 14.44783119948993
