# Template file for configuration of individual fiber positioner unit.

# ID
POS_ID = 'M00348'
CAN_ID = 152
DEVICE_ID = -1
PETAL_ID = -1

# STATE
POS_T = -193.28608175760047
POS_P = 179.95064080512384
GENERAL_SETTINGS_FILE = '_genl_settings_DEFAULT.conf'

# CALIBRATION
LENGTH_R1 = 3.017190352796804
LENGTH_R2 = 3.0769188101302256
OFFSET_T = -100.48977694656091
OFFSET_P = 2.7849057042772474
GEAR_CALIB_T = 1.0
GEAR_CALIB_P = 1.0
GEAR_TYPE_T = 'namiki'
GEAR_TYPE_P = 'namiki'
OFFSET_X = 45.20009612496807
OFFSET_Y = 47.938302467067047
PHYSICAL_RANGE_T = 392.57216351520094
PHYSICAL_RANGE_P = 184.79862707588268
MOTOR_CCW_DIR_T = -1
MOTOR_CCW_DIR_P = -1
MOTOR_ID_T = 1
MOTOR_ID_P = 0

# HISTORY
TOTAL_MOVE_SEQUENCES = 2337
TOTAL_CRUISE_MOVES_T = 470
TOTAL_CRUISE_MOVES_P = 476
TOTAL_CREEP_MOVES_T = 6523
TOTAL_CREEP_MOVES_P = 6517
TOTAL_LIMIT_SEEKS_T = 13
TOTAL_LIMIT_SEEKS_P = 14
LAST_PRIMARY_HARDSTOP_DIR_T = -1.0
LAST_PRIMARY_HARDSTOP_DIR_P = 1.0
LAST_MOVE_CMD = 'P limit seek; T limit seek; debounce direct_dtdp; debounce direct_dtdp'
LAST_MOVE_VAL1 = '0; -1; 3; 3'
LAST_MOVE_VAL2 = '1; 0; 0; -3'
LAST_MEAS_OBS_X = 51.00028282368113
LAST_MEAS_OBS_Y = 47.93870317152859
