# Configuration file for unit M00373.

#ID
POS_ID = 'M00373'
CAN_ID = 488
DEVICE_ID = -1
PETAL_ID = -1

# STATE
POS_T = 13.462239163771075
POS_P = 33.926467511569491
GENERAL_SETTINGS_FILE = '_genl_settings_DEFAULT.conf'

# CALIBRATION
LENGTH_R1 = 2.9994424933989272
LENGTH_R2 = 3.1146247388787334
OFFSET_T = -32.572986560024901
OFFSET_P = 3.4969399984152432
GEAR_CALIB_T = 1.0
GEAR_CALIB_P = 1.0
GEAR_TYPE_T = 'namiki'
GEAR_TYPE_P = 'namiki'
OFFSET_X = 46.182541232125978
OFFSET_Y = 16.611272022897591
PHYSICAL_RANGE_T = 394.10230340085263
PHYSICAL_RANGE_P = 183.79788886939912
MOTOR_CCW_DIR_T = -1
MOTOR_CCW_DIR_P = -1
MOTOR_ID_T = 1
MOTOR_ID_P = 0

# HISTORY
TOTAL_MOVE_SEQUENCES = 2656
TOTAL_CRUISE_MOVES_T = 806
TOTAL_CRUISE_MOVES_P = 737
TOTAL_CREEP_MOVES_T = 7085
TOTAL_CREEP_MOVES_P = 7154
TOTAL_LIMIT_SEEKS_T = 46
TOTAL_LIMIT_SEEKS_P = 55
LAST_PRIMARY_HARDSTOP_DIR_T = -1.0
LAST_PRIMARY_HARDSTOP_DIR_P = 1.0
LAST_MOVE_CMD = 'dXdY; (auto backlash backup); (auto final creep)'
LAST_MOVE_VAL1 = '-0.000232463; 3; -3.00005'
LAST_MOVE_VAL2 = '0.00708006; -3; 2.99992'
LAST_MEAS_OBS_X = 51.982225215436394
LAST_MEAS_OBS_Y = 16.61647811712971
