# Settings file for unit: UM00051

POS_ID = 'UM00051'
CAN_ID = 51
DEVICE_ID = -1
PETAL_ID = -1

# STATE
POS_T = 138.34893735152815
POS_P = 90.049458949800481
GENERAL_SETTINGS_FILE = '_genl_settings_DEFAULT.conf'

# CALIBRATION
LENGTH_R1 = 3.0398863069903945
LENGTH_R2 = 3.1779691272736028
OFFSET_T = -147.48030915515218
OFFSET_P = -11.916154658442579
GEAR_CALIB_T = 1.0
GEAR_CALIB_P = 1.0
GEAR_TYPE_T = 'namiki'
GEAR_TYPE_P = 'namiki'
OFFSET_X = 60.189608884683743
OFFSET_Y = 52.654072969649263
PHYSICAL_RANGE_T = 391.96330430928975
PHYSICAL_RANGE_P = 196.95928700503606
MOTOR_CCW_DIR_T = -1
MOTOR_CCW_DIR_P = -1
MOTOR_ID_T = 1
MOTOR_ID_P = 0

# HISTORY
TOTAL_MOVE_SEQUENCES = 13008
TOTAL_CRUISE_MOVES_T = 3649
TOTAL_CRUISE_MOVES_P = 3380
TOTAL_CREEP_MOVES_T = 35258
TOTAL_CREEP_MOVES_P = 35527
TOTAL_LIMIT_SEEKS_T = 74
TOTAL_LIMIT_SEEKS_P = 88
LAST_PRIMARY_HARDSTOP_DIR_T = -1.0
LAST_PRIMARY_HARDSTOP_DIR_P = 1.0
LAST_MOVE_CMD = 'dXdY; (auto backlash backup); (auto final creep)'
LAST_MOVE_VAL1 = '0.00389056; 3; -2.99996'
LAST_MOVE_VAL2 = '-0.00293483; -3; 3.00007'
LAST_MEAS_OBS_X = 64.33223085160054
LAST_MEAS_OBS_Y = 55.13906214621285
