# Settings file for unit: UM00058

POS_ID = 'UM00058'
CAN_ID = 58
DEVICE_ID = -1
PETAL_ID = -1

# STATE
POS_T = 73.345731559813842
POS_P = 30.105562058978808
GENERAL_SETTINGS_FILE = '_genl_settings_DEFAULT.conf'

# CALIBRATION
LENGTH_R1 = 3.0172409924985724
LENGTH_R2 = 3.1088054292156793
OFFSET_T = -107.24005354435019
OFFSET_P = -1.3596204979527471
GEAR_CALIB_T = 1.0
GEAR_CALIB_P = 1.0
GEAR_TYPE_T = 'namiki'
GEAR_TYPE_P = 'namiki'
OFFSET_X = 45.264344090683267
OFFSET_Y = 52.201832175579781
PHYSICAL_RANGE_T = 396.23794206555669
PHYSICAL_RANGE_P = 189.86276127668376
MOTOR_CCW_DIR_T = -1
MOTOR_CCW_DIR_P = -1
MOTOR_ID_T = 1
MOTOR_ID_P = 0

# HISTORY
TOTAL_MOVE_SEQUENCES = 18099
TOTAL_CRUISE_MOVES_T = 8241
TOTAL_CRUISE_MOVES_P = 6699
TOTAL_CREEP_MOVES_T = 45409
TOTAL_CREEP_MOVES_P = 46951
TOTAL_LIMIT_SEEKS_T = 266
TOTAL_LIMIT_SEEKS_P = 324
LAST_PRIMARY_HARDSTOP_DIR_T = -1.0
LAST_PRIMARY_HARDSTOP_DIR_P = 1.0
LAST_MOVE_CMD = 'dXdY; (auto backlash backup); (auto final creep)'
LAST_MOVE_VAL1 = '1.13924; 3; -3.00235'
LAST_MOVE_VAL2 = '1.16152; -3; 2.99843'
LAST_MEAS_OBS_X = 50.002985703099995
LAST_MEAS_OBS_Y = 48.652539774198516
