# Template file for configuration of individual fiber positioner unit.

# ID
POS_ID = 'UM00023'
CAN_ID = 200
DEVICE_ID = -1
PETAL_ID = -1

# STATE
POS_T = -5.0993392565291176
POS_P = 52.290673911919569
GENERAL_SETTINGS_FILE = '_genl_settings_DEFAULT.conf'

# CALIBRATION
LENGTH_R1 = 3.025101245444799
LENGTH_R2 = 3.1389041126052821
OFFSET_T = -14.942012472009873
OFFSET_P = -1.8096951708886451
GEAR_CALIB_T = 1.0
GEAR_CALIB_P = 1.0
GEAR_TYPE_T = 'namiki'
GEAR_TYPE_P = 'namiki'
OFFSET_X = 29.648343043757333
OFFSET_Y = 52.103727648818094
PHYSICAL_RANGE_T = 391.96525678466281
PHYSICAL_RANGE_P = 192.24596641558168
MOTOR_CCW_DIR_T = -1
MOTOR_CCW_DIR_P = -1
MOTOR_ID_T = 1
MOTOR_ID_P = 0

# HISTORY
TOTAL_MOVE_SEQUENCES = 489
TOTAL_CRUISE_MOVES_T = 270
TOTAL_CRUISE_MOVES_P = 241
TOTAL_CREEP_MOVES_T = 1164
TOTAL_CREEP_MOVES_P = 1193
TOTAL_LIMIT_SEEKS_T = 12
TOTAL_LIMIT_SEEKS_P = 15
LAST_PRIMARY_HARDSTOP_DIR_T = -1.0
LAST_PRIMARY_HARDSTOP_DIR_P = 1.0
LAST_MOVE_CMD = 'dXdY; (auto backlash backup); (auto final creep)'
LAST_MOVE_VAL1 = '-0.0642819; 3; -3.00001'
LAST_MOVE_VAL2 = '0.258454; -3; 3.00003'
LAST_MEAS_OBS_X = 35.50952478973236
LAST_MEAS_OBS_Y = 51.79997088168074
