# Settings file for fiber positioner unit: UM00011

POS_ID = 'UM00011'
CAN_ID = 11
DEVICE_ID = -1
PETAL_ID = -1

# STATE
POS_T = -65.109603365885377
POS_P = 45.91934367716167
GENERAL_SETTINGS_FILE = '_genl_settings_DEFAULT.conf'

# CALIBRATION
LENGTH_R1 = 3.011363738760509
LENGTH_R2 = 2.9799484369946247
OFFSET_T = 140.11032997670961
OFFSET_P = -16.562009933258111
GEAR_CALIB_T = 1.0
GEAR_CALIB_P = 1.0
GEAR_TYPE_T = 'namiki'
GEAR_TYPE_P = 'namiki'
OFFSET_X = 16.898335767035302
OFFSET_Y = 29.401716036485123
PHYSICAL_RANGE_T = 376.59546994164748
PHYSICAL_RANGE_P = 226.34612966517147
MOTOR_CCW_DIR_T = 1
MOTOR_CCW_DIR_P = 1
MOTOR_ID_T = 1
MOTOR_ID_P = 0

# HISTORY
TOTAL_MOVE_SEQUENCES = 204
TOTAL_CRUISE_MOVES_T = 91
TOTAL_CRUISE_MOVES_P = 129
TOTAL_CREEP_MOVES_T = 503
TOTAL_CREEP_MOVES_P = 465
TOTAL_LIMIT_SEEKS_T = 25
TOTAL_LIMIT_SEEKS_P = 27
LAST_PRIMARY_HARDSTOP_DIR_T = -1.0
LAST_PRIMARY_HARDSTOP_DIR_P = 1.0
LAST_MOVE_CMD = 'dXdY; (auto backlash backup); (auto final creep)'
LAST_MOVE_VAL1 = '0.00960441; 3; -3.00019'
LAST_MOVE_VAL2 = '-0.000619565; -3; 3.00002'
LAST_MEAS_OBS_X = 16.888731352640573
LAST_MEAS_OBS_Y = 35.202335601405636
