# Settings file for fiber positioner unit: UM00012

POS_ID = 'UM00012'
CAN_ID = 12
DEVICE_ID = -1
PETAL_ID = -1

# STATE
POS_T = -129.37172101382916
POS_P = 32.025103081213778
GENERAL_SETTINGS_FILE = '_genl_settings_DEFAULT.conf'

# CALIBRATION
LENGTH_R1 = 3.0607707221867755
LENGTH_R2 = 2.9916542545018325
OFFSET_T = 135.55411856662431
OFFSET_P = 1.2151999901793573
GEAR_CALIB_T = 1.0
GEAR_CALIB_P = 1.0
GEAR_TYPE_T = 'namiki'
GEAR_TYPE_P = 'namiki'
OFFSET_X = 53.223402818420361
OFFSET_Y = 20.536902449417788
PHYSICAL_RANGE_T = 385.2700849906214
PHYSICAL_RANGE_P = 186.29906309487856
MOTOR_CCW_DIR_T = 1
MOTOR_CCW_DIR_P = 1
MOTOR_ID_T = 1
MOTOR_ID_P = 0

# HISTORY
TOTAL_MOVE_SEQUENCES = 5038
TOTAL_CRUISE_MOVES_T = 1747
TOTAL_CRUISE_MOVES_P = 1813
TOTAL_CREEP_MOVES_T = 13163
TOTAL_CREEP_MOVES_P = 13097
TOTAL_LIMIT_SEEKS_T = 278
TOTAL_LIMIT_SEEKS_P = 289
LAST_PRIMARY_HARDSTOP_DIR_T = -1.0
LAST_PRIMARY_HARDSTOP_DIR_P = 1.0
LAST_MOVE_CMD = 'dXdY; (auto backlash backup); (auto final creep)'
LAST_MOVE_VAL1 = '0.00046803; 3; -3.00021'
LAST_MOVE_VAL2 = '-0.000835448; -3; 3.00014'
LAST_MEAS_OBS_X = 58.57722666410288
LAST_MEAS_OBS_Y = 22.767407226340765
