# Settings file for unit: M00004

POS_ID = 'M00004'
CAN_ID = 1004
DEVICE_ID = -1
PETAL_ID = -1

# STATE
POS_T = 160.24266344054467
POS_P = 32.19267986220995
GENERAL_SETTINGS_FILE = '_genl_settings_DEFAULT.conf'

# CALIBRATION
LENGTH_R1 = 2.8660308317122731
LENGTH_R2 = 3.0541003310627373
OFFSET_T = -87.928493712396175
OFFSET_P = -1.788816864939605
GEAR_CALIB_T = 1.0
GEAR_CALIB_P = 1.0
GEAR_TYPE_T = 'namiki'
GEAR_TYPE_P = 'namiki'
OFFSET_X = 55.84575348557695
OFFSET_Y = 33.616799077989334
PHYSICAL_RANGE_T = 398.83755549523414
PHYSICAL_RANGE_P = 186.72905680120081
MOTOR_CCW_DIR_T = -1
MOTOR_CCW_DIR_P = -1
MOTOR_ID_T = 1
MOTOR_ID_P = 0

# HISTORY
TOTAL_MOVE_SEQUENCES = 3523
TOTAL_CRUISE_MOVES_T = 635
TOTAL_CRUISE_MOVES_P = 711
TOTAL_CREEP_MOVES_T = 9886
TOTAL_CREEP_MOVES_P = 9810
TOTAL_LIMIT_SEEKS_T = 25
TOTAL_LIMIT_SEEKS_P = 31
LAST_PRIMARY_HARDSTOP_DIR_T = -1.0
LAST_PRIMARY_HARDSTOP_DIR_P = 1.0
LAST_MOVE_CMD = 'dXdY; (auto backlash backup); (auto final creep)'
LAST_MOVE_VAL1 = '-3.76519; 3; -2.99896'
LAST_MOVE_VAL2 = '-10.1718; -3; 2.99997'
LAST_MEAS_OBS_X = 56.04407631121791
LAST_MEAS_OBS_Y = 39.32654057448626
