# Template file for configuration of individual fiber positioner unit.

# ID
POS_ID = 'M00187'
CAN_ID = 398
DEVICE_ID = -1
PETAL_ID = -1

# STATE
POS_T = 2.4553097972557225e-05
POS_P = 170.00012866501558
GENERAL_SETTINGS_FILE = '_genl_settings_DEFAULT.conf'

# CALIBRATION
LENGTH_R1 = 2.99392460027394
LENGTH_R2 = 3.0670938060661737
OFFSET_T = -177.90326462733208
OFFSET_P = -2.7693926554525774
GEAR_CALIB_T = 1.0
GEAR_CALIB_P = 1.0
GEAR_TYPE_T = 'namiki'
GEAR_TYPE_P = 'namiki'
OFFSET_X = 30.56200090045595
OFFSET_Y = 47.84645725496448
PHYSICAL_RANGE_T = 392.8739701530634
PHYSICAL_RANGE_P = 186.92776183896075
MOTOR_CCW_DIR_T = -1
MOTOR_CCW_DIR_P = -1
MOTOR_ID_T = 1
MOTOR_ID_P = 0

# HISTORY
TOTAL_MOVE_SEQUENCES = 25306
TOTAL_CRUISE_MOVES_T = 5549
TOTAL_CRUISE_MOVES_P = 5231
TOTAL_CREEP_MOVES_T = 70191
TOTAL_CREEP_MOVES_P = 70509
TOTAL_LIMIT_SEEKS_T = 101
TOTAL_LIMIT_SEEKS_P = 122
LAST_PRIMARY_HARDSTOP_DIR_T = -1.0
LAST_PRIMARY_HARDSTOP_DIR_P = 1.0
LAST_MOVE_CMD = 'direct_dtdp; (auto backlash backup); (auto final creep)'
LAST_MOVE_VAL1 = '0; 0; 0'
LAST_MOVE_VAL2 = '-10; -3; 2.99712'
LAST_MEAS_OBS_X = 33.2387116168704
LAST_MEAS_OBS_Y = 43.3846585200157
