# Template file for configuration of individual fiber positioner unit.

# ID
POS_ID = 'M00181'
CAN_ID = 127
DEVICE_ID = -1
PETAL_ID = -1

# STATE
POS_T = 147.59522765843536
POS_P = 28.933737878890362
GENERAL_SETTINGS_FILE = '_genl_settings_DEFAULT.conf'

# CALIBRATION
LENGTH_R1 = 2.8638475395337082
LENGTH_R2 = 3.0423415450292342
OFFSET_T = -159.71798365123962
OFFSET_P = -5.7590257783679704
GEAR_CALIB_T = 1.0
GEAR_CALIB_P = 1.0
GEAR_TYPE_T = 'namiki'
GEAR_TYPE_P = 'namiki'
OFFSET_X = 60.200643417403704
OFFSET_Y = 20.292892918504268
PHYSICAL_RANGE_T = 393.68714369547513
PHYSICAL_RANGE_P = 187.91200209739517
MOTOR_CCW_DIR_T = -1
MOTOR_CCW_DIR_P = -1
MOTOR_ID_T = 1
MOTOR_ID_P = 0

# HISTORY
TOTAL_MOVE_SEQUENCES = 4538
TOTAL_CRUISE_MOVES_T = 3433
TOTAL_CRUISE_MOVES_P = 3165
TOTAL_CREEP_MOVES_T = 9954
TOTAL_CREEP_MOVES_P = 10222
TOTAL_LIMIT_SEEKS_T = 117
TOTAL_LIMIT_SEEKS_P = 143
LAST_PRIMARY_HARDSTOP_DIR_T = -1.0
LAST_PRIMARY_HARDSTOP_DIR_P = 1.0
LAST_MOVE_CMD = 'dXdY; (auto backlash backup); (auto final creep)'
LAST_MOVE_VAL1 = '-0.000113135; 3; -3.0031'
LAST_MOVE_VAL2 = '0.000846312; -3; 3.00297'
LAST_MEAS_OBS_X = 66.00029015019139
LAST_MEAS_OBS_Y = 20.29283110254325
