# Template file for configuration of individual fiber positioner unit.

# ID
POS_ID = 'M00027'
CAN_ID = 48
DEVICE_ID = -1
PETAL_ID = -1

# STATE
POS_T = 11.017012635947522
POS_P = 11.152767050534289
GENERAL_SETTINGS_FILE = '_genl_settings_DEFAULT.conf'

# CALIBRATION
LENGTH_R1 = 3.0121519388991085
LENGTH_R2 = 3.1098966526195428
OFFSET_T = -26.896382422310573
OFFSET_P = 26.096739635217702
GEAR_CALIB_T = 1.0
GEAR_CALIB_P = 1.0
GEAR_TYPE_T = 'namiki'
GEAR_TYPE_P = 'namiki'
OFFSET_X = 16.882787020393568
OFFSET_Y = 41.607314404673474
PHYSICAL_RANGE_T = 320.82983176514085
PHYSICAL_RANGE_P = 183.69961318235792
MOTOR_CCW_DIR_T = -1
MOTOR_CCW_DIR_P = -1
MOTOR_ID_T = 1
MOTOR_ID_P = 0

# HISTORY
TOTAL_MOVE_SEQUENCES = 2155
TOTAL_CRUISE_MOVES_T = 365
TOTAL_CRUISE_MOVES_P = 411
TOTAL_CREEP_MOVES_T = 6091
TOTAL_CREEP_MOVES_P = 6045
TOTAL_LIMIT_SEEKS_T = 5
TOTAL_LIMIT_SEEKS_P = 6
LAST_PRIMARY_HARDSTOP_DIR_T = -1.0
LAST_PRIMARY_HARDSTOP_DIR_P = 1.0
LAST_MOVE_CMD = 'dXdY; (auto backlash backup); (auto final creep)'
LAST_MOVE_VAL1 = '-0.00129688; 3; -3.00016'
LAST_MOVE_VAL2 = '0.00606118; -3; 3.00008'
LAST_MEAS_OBS_X = 22.683522608958555
LAST_MEAS_OBS_Y = 41.6063290440268
