# File for UM00052

# ID
POS_ID = 'UM00052'
CAN_ID = 200
DEVICE_ID = -1
PETAL_ID = -1

# STATE
POS_T = -0.0001353059649034094
POS_P = 170.00008135802469
GENERAL_SETTINGS_FILE = '_genl_settings_DEFAULT.conf'

# CALIBRATION
LENGTH_R1 = 3.00372860444307
LENGTH_R2 = 3.1305729349451035
OFFSET_T = -44.422128630596205
OFFSET_P = -8.771087348508445
GEAR_CALIB_T = 1.0
GEAR_CALIB_P = 1.0
GEAR_TYPE_T = 'namiki'
GEAR_TYPE_P = 'namiki'
OFFSET_X = 37.59696996565681
OFFSET_Y = 25.824331342398956
PHYSICAL_RANGE_T = 392.5049508588435
PHYSICAL_RANGE_P = 190.0
MOTOR_CCW_DIR_T = -1
MOTOR_CCW_DIR_P = -1
MOTOR_ID_T = 1
MOTOR_ID_P = 0

# HISTORY
TOTAL_MOVE_SEQUENCES = 4978
TOTAL_CRUISE_MOVES_T = 3825
TOTAL_CRUISE_MOVES_P = 3111
TOTAL_CREEP_MOVES_T = 11069
TOTAL_CREEP_MOVES_P = 11783
TOTAL_LIMIT_SEEKS_T = 30
TOTAL_LIMIT_SEEKS_P = 35
LAST_PRIMARY_HARDSTOP_DIR_T = -1.0
LAST_PRIMARY_HARDSTOP_DIR_P = 1.0
LAST_MOVE_CMD = 'direct_dtdp; (auto backlash backup); (auto final creep)'
LAST_MOVE_VAL1 = '0; 0; 0'
LAST_MOVE_VAL2 = '-10; -3; 2.99712'
LAST_MEAS_OBS_X = 39.04767055601081
LAST_MEAS_OBS_Y = 20.40701373485601
