# Template file for configuration of individual fiber positioner unit.

# ID
POS_ID = 'M00063'
CAN_ID = 2
DEVICE_ID = -1
PETAL_ID = -1

# STATE
POS_T = 37.012182932241416
POS_P = 37.465474197530668
GENERAL_SETTINGS_FILE = '_genl_settings_DEFAULT.conf'

# CALIBRATION
LENGTH_R1 = 2.9417892051765659
LENGTH_R2 = 3.098003250213381
OFFSET_T = -54.095660019180428
OFFSET_P = -4.5751398245826636
GEAR_CALIB_T = 1.0
GEAR_CALIB_P = 1.0
GEAR_TYPE_T = 'namiki'
GEAR_TYPE_P = 'namiki'
OFFSET_X = 52.03544307953976
OFFSET_Y = 25.975011104542059
PHYSICAL_RANGE_T = 393.63102154292403
PHYSICAL_RANGE_P = 190.0
MOTOR_CCW_DIR_T = -1
MOTOR_CCW_DIR_P = -1
MOTOR_ID_T = 1
MOTOR_ID_P = 0

# HISTORY
TOTAL_MOVE_SEQUENCES = 4357
TOTAL_CRUISE_MOVES_T = 860
TOTAL_CRUISE_MOVES_P = 859
TOTAL_CREEP_MOVES_T = 12183
TOTAL_CREEP_MOVES_P = 12184
TOTAL_LIMIT_SEEKS_T = 12
TOTAL_LIMIT_SEEKS_P = 15
LAST_PRIMARY_HARDSTOP_DIR_T = -1.0
LAST_PRIMARY_HARDSTOP_DIR_P = 1.0
LAST_MOVE_CMD = 'dXdY; (auto backlash backup); (auto final creep)'
LAST_MOVE_VAL1 = '-2.4227e-05; 3; -2.99998'
LAST_MOVE_VAL2 = '-2.74851e-05; -3; 3.0002'
LAST_MEAS_OBS_X = 57.835540044971516
LAST_MEAS_OBS_Y = 25.97512121782726
