# Template file for configuration of individual fiber positioner unit.

# ID
POS_ID = 'M00215'
CAN_ID = 99
DEVICE_ID = -1
PETAL_ID = -1

# STATE
POS_T = 0.00012989307921884574
POS_P = 180.00009814814814
GENERAL_SETTINGS_FILE = '_genl_settings_DEFAULT.conf'

# CALIBRATION
LENGTH_R1 = 2.982856796773577
LENGTH_R2 = 3.066231602188022
OFFSET_T = 13.237446132616277
OFFSET_P = -5.50617668952961
GEAR_CALIB_T = 1.0
GEAR_CALIB_P = 1.0
GEAR_TYPE_T = 'namiki'
GEAR_TYPE_P = 'namiki'
OFFSET_X = 29.486342705397412
OFFSET_Y = 42.56026626147406
PHYSICAL_RANGE_T = 393.9562844113725
PHYSICAL_RANGE_P = 190.0
MOTOR_CCW_DIR_T = -1
MOTOR_CCW_DIR_P = -1
MOTOR_ID_T = 1
MOTOR_ID_P = 0

# HISTORY
TOTAL_MOVE_SEQUENCES = 2195
TOTAL_CRUISE_MOVES_T = 433
TOTAL_CRUISE_MOVES_P = 450
TOTAL_CREEP_MOVES_T = 6146
TOTAL_CREEP_MOVES_P = 6129
TOTAL_LIMIT_SEEKS_T = 12
TOTAL_LIMIT_SEEKS_P = 13
LAST_PRIMARY_HARDSTOP_DIR_T = -1.0
LAST_PRIMARY_HARDSTOP_DIR_P = 1.0
LAST_MOVE_CMD = 'posTP; (auto final creep)'
LAST_MOVE_VAL1 = '0; -0.000129893'
LAST_MOVE_VAL2 = '180; -9.81481e-05'
LAST_MEAS_OBS_X = 35.28599283320058
LAST_MEAS_OBS_Y = 42.559487954085874
