# Settings file for fiber positioner unit: UM00012

POS_ID = 'UM00022'
CAN_ID = 22
DEVICE_ID = -1
PETAL_ID = -1

# STATE
POS_T = 16.451744346556609
POS_P = 44.626862693176719
GENERAL_SETTINGS_FILE = '_genl_settings_DEFAULT.conf'

# CALIBRATION
LENGTH_R1 = 3.0271942598862
LENGTH_R2 = 2.9902174111816553
OFFSET_T = 8.740725905676499
OFFSET_P = -4.756272602183358
GEAR_CALIB_T = 1.0
GEAR_CALIB_P = 1.0
GEAR_TYPE_T = 'namiki'
GEAR_TYPE_P = 'namiki'
OFFSET_X = 37.521604355900095
OFFSET_Y = 12.91505774255559
PHYSICAL_RANGE_T = 382.7444601957757
PHYSICAL_RANGE_P = 188.72707766738148
MOTOR_CCW_DIR_T = 1
MOTOR_CCW_DIR_P = 1
MOTOR_ID_T = 1
MOTOR_ID_P = 0

# HISTORY
TOTAL_MOVE_SEQUENCES = 20377
TOTAL_CRUISE_MOVES_T = 5753
TOTAL_CRUISE_MOVES_P = 5594
TOTAL_CREEP_MOVES_T = 54789
TOTAL_CREEP_MOVES_P = 54948
TOTAL_LIMIT_SEEKS_T = 506
TOTAL_LIMIT_SEEKS_P = 546
LAST_PRIMARY_HARDSTOP_DIR_T = -1.0
LAST_PRIMARY_HARDSTOP_DIR_P = 1.0
LAST_MOVE_CMD = 'posXY; (auto backlash backup); (auto final creep)'
LAST_MOVE_VAL1 = '4; 3; -3.00333'
LAST_MOVE_VAL2 = '4; -3; 2.99579'
LAST_MEAS_OBS_X = 43.321443733784655
LAST_MEAS_OBS_Y = 12.915744116385735
