# Template file for configuration of individual fiber positioner unit.

# ID
POS_ID = 'M00243'
CAN_ID = 33
DEVICE_ID = -1
PETAL_ID = -1

# STATE
POS_T = -193.7015198031002
POS_P = 177.99562781417208
GENERAL_SETTINGS_FILE = '_genl_settings_DEFAULT.conf'

# CALIBRATION
LENGTH_R1 = 3.0597318572032148
LENGTH_R2 = 3.0503916044379551
OFFSET_T = -134.66298386068095
OFFSET_P = -4.021989084050432
GEAR_CALIB_T = 1.0
GEAR_CALIB_P = 1.0
GEAR_TYPE_T = 'namiki'
GEAR_TYPE_P = 'namiki'
OFFSET_X = 15.591051596129628
OFFSET_Y = 15.883756677388238
PHYSICAL_RANGE_T = 393.40303960620042
PHYSICAL_RANGE_P = 182.82386647896169
MOTOR_CCW_DIR_T = -1
MOTOR_CCW_DIR_P = -1
MOTOR_ID_T = 1
MOTOR_ID_P = 0

# HISTORY
TOTAL_MOVE_SEQUENCES = 5152
TOTAL_CRUISE_MOVES_T = 977
TOTAL_CRUISE_MOVES_P = 985
TOTAL_CREEP_MOVES_T = 14452
TOTAL_CREEP_MOVES_P = 14444
TOTAL_LIMIT_SEEKS_T = 18
TOTAL_LIMIT_SEEKS_P = 20
LAST_PRIMARY_HARDSTOP_DIR_T = -1.0
LAST_PRIMARY_HARDSTOP_DIR_P = 1.0
LAST_MOVE_CMD = 'P limit seek; T limit seek; debounce direct_dtdp; debounce direct_dtdp'
LAST_MOVE_VAL1 = '0; -1; 3; 3'
LAST_MOVE_VAL2 = '1; 0; -3; -3'
LAST_MEAS_OBS_X = 21.39112341479553
LAST_MEAS_OBS_Y = 15.893492600567303
