# Settings file for fiber positioner unit: UM00012

POS_ID = 'UM00012'
CAN_ID = 12
DEVICE_ID = -1
PETAL_ID = -1

# STATE
POS_T = -150.55830978759784
POS_P = 32.528967886985257
GENERAL_SETTINGS_FILE = '_genl_settings_DEFAULT.conf'

# CALIBRATION
LENGTH_R1 = 3.0647127075883844
LENGTH_R2 = 2.99208694880745
OFFSET_T = 133.98525921173237
OFFSET_P = 0.97766753055134359
GEAR_CALIB_T = 1.0
GEAR_CALIB_P = 1.0
GEAR_TYPE_T = 'namiki'
GEAR_TYPE_P = 'namiki'
OFFSET_X = 52.950419018478989
OFFSET_Y = 20.486203040785988
PHYSICAL_RANGE_T = 380.83384080976373
PHYSICAL_RANGE_P = 186.40859931220621
MOTOR_CCW_DIR_T = 1
MOTOR_CCW_DIR_P = 1
MOTOR_ID_T = 1
MOTOR_ID_P = 0

# HISTORY
TOTAL_MOVE_SEQUENCES = 2026
TOTAL_CRUISE_MOVES_T = 1203
TOTAL_CRUISE_MOVES_P = 1215
TOTAL_CREEP_MOVES_T = 4714
TOTAL_CREEP_MOVES_P = 4702
TOTAL_LIMIT_SEEKS_T = 247
TOTAL_LIMIT_SEEKS_P = 254
LAST_PRIMARY_HARDSTOP_DIR_T = -1.0
LAST_PRIMARY_HARDSTOP_DIR_P = 1.0
LAST_MOVE_CMD = 'dXdY; (auto backlash backup); (auto final creep)'
LAST_MOVE_VAL1 = '2.65014e-05; 3; -2.99995'
LAST_MOVE_VAL2 = '0.000585813; -3; 3.00012'
LAST_MEAS_OBS_X = 58.75056816274666
LAST_MEAS_OBS_Y = 20.48592758792393
