# Settings file for fiber positioner unit: UM00013

POS_ID = 'UM00013'
CAN_ID = 13
DEVICE_ID = -1
PETAL_ID = -1

# STATE
POS_T = -113.13531163968578
POS_P = 45.357387836221207
GENERAL_SETTINGS_FILE = '_genl_settings_DEFAULT.conf'

# CALIBRATION
LENGTH_R1 = 3.4674750471086919
LENGTH_R2 = 2.8911883847762834
OFFSET_T = 91.173067195758861
OFFSET_P = 3.4469541661225875
GEAR_CALIB_T = 1.0
GEAR_CALIB_P = 1.0
GEAR_TYPE_T = 'namiki'
GEAR_TYPE_P = 'namiki'
OFFSET_X = 14.15172763420572
OFFSET_Y = 7.1518723052677586
PHYSICAL_RANGE_T = 383.21586130406314
PHYSICAL_RANGE_P = 189.50779803883177
MOTOR_CCW_DIR_T = 1
MOTOR_CCW_DIR_P = 1
MOTOR_ID_T = 1
MOTOR_ID_P = 0

# HISTORY
TOTAL_MOVE_SEQUENCES = 3547
TOTAL_CRUISE_MOVES_T = 1045
TOTAL_CRUISE_MOVES_P = 1488
TOTAL_CREEP_MOVES_T = 9616
TOTAL_CREEP_MOVES_P = 9173
TOTAL_LIMIT_SEEKS_T = 100
TOTAL_LIMIT_SEEKS_P = 98
LAST_PRIMARY_HARDSTOP_DIR_T = -1.0
LAST_PRIMARY_HARDSTOP_DIR_P = 1.0
LAST_MOVE_CMD = 'dXdY; (auto backlash backup); (auto final creep)'
LAST_MOVE_VAL1 = '-0.00269296; 3; -3.00006'
LAST_MOVE_VAL2 = '0.00518548; -3; 2.99993'
LAST_MEAS_OBS_X = 19.953118946951122
LAST_MEAS_OBS_Y = 7.148907394520399
