# Settings file for fiber positioner unit: UM00012

POS_ID = 'UM00022'
CAN_ID = 22
DEVICE_ID = -1
PETAL_ID = -1

# STATE
POS_T = 135.85948378027379
POS_P = 171.7573319889726
GENERAL_SETTINGS_FILE = '_genl_settings_DEFAULT.conf'

# CALIBRATION
LENGTH_R1 = 3.0540518074999854
LENGTH_R2 = 3.0058285463470251
OFFSET_T = 9.4380790684898521
OFFSET_P = -3.9755575283397775
GEAR_CALIB_T = 1.0
GEAR_CALIB_P = 1.0
GEAR_TYPE_T = 'namiki'
GEAR_TYPE_P = 'namiki'
OFFSET_X = 29.533174142710141
OFFSET_Y = 52.041920860185485
PHYSICAL_RANGE_T = 382.38859441475978
PHYSICAL_RANGE_P = 188.59193155140031
MOTOR_CCW_DIR_T = 1
MOTOR_CCW_DIR_P = 1
MOTOR_ID_T = 1
MOTOR_ID_P = 0

# HISTORY
TOTAL_MOVE_SEQUENCES = 15850
TOTAL_CRUISE_MOVES_T = 4593
TOTAL_CRUISE_MOVES_P = 4406
TOTAL_CREEP_MOVES_T = 42509
TOTAL_CREEP_MOVES_P = 42696
TOTAL_LIMIT_SEEKS_T = 439
TOTAL_LIMIT_SEEKS_P = 463
LAST_PRIMARY_HARDSTOP_DIR_T = -1.0
LAST_PRIMARY_HARDSTOP_DIR_P = 1.0
LAST_MOVE_CMD = 'dXdY; (auto backlash backup); (auto final creep)'
LAST_MOVE_VAL1 = '0.000360999; 3; -3.00007'
LAST_MOVE_VAL2 = '-0.00138653; -3; 2.99992'
LAST_MEAS_OBS_X = 29.088219019863807
LAST_MEAS_OBS_Y = 51.595913340949686
