# Settings file for fiber positioner unit: UM00012

POS_ID = 'UM00012'
CAN_ID = 12
DEVICE_ID = -1
PETAL_ID = -1

# STATE
POS_T = -128.97973914965351
POS_P = -1.6057775930646869
GENERAL_SETTINGS_FILE = '_genl_settings_DEFAULT.conf'

# CALIBRATION
LENGTH_R1 = 2.9911557302610357
LENGTH_R2 = 2.9152519557952523
OFFSET_T = 136.6769968878819
OFFSET_P = 1.6058550287927318
GEAR_CALIB_T = 1.0002707813650336
GEAR_CALIB_P = 0.9962215726774535
GEAR_TYPE_T = 'namiki'
GEAR_TYPE_P = 'namiki'
OFFSET_X = 52.53124073034091
OFFSET_Y = 29.182030462457583
PHYSICAL_RANGE_T = 382.6253287022024
PHYSICAL_RANGE_P = 186.17741993475767
MOTOR_CCW_DIR_T = 1
MOTOR_CCW_DIR_P = 1
MOTOR_ID_T = 1
MOTOR_ID_P = 0

# HISTORY
TOTAL_MOVE_SEQUENCES = 1162
TOTAL_CRUISE_MOVES_T = 825
TOTAL_CRUISE_MOVES_P = 792
TOTAL_CREEP_MOVES_T = 2564
TOTAL_CREEP_MOVES_P = 2597
TOTAL_LIMIT_SEEKS_T = 199
TOTAL_LIMIT_SEEKS_P = 201
LAST_PRIMARY_HARDSTOP_DIR_T = -1.0
LAST_PRIMARY_HARDSTOP_DIR_P = 1.0
LAST_MOVE_CMD = 'dXdY; (auto backlash backup); (auto final creep)'
LAST_MOVE_VAL1 = '33.7271; 3; -2.99687'
LAST_MOVE_VAL2 = '4.82877; -3; -2.7473'
LAST_MEAS_OBS_X = 20.80412691583629
LAST_MEAS_OBS_Y = 24.353048168666398
