# Temporary settings file for software test purposes, not associated with a real focal plate arrangement.

TIMESTEP = 0.1

# Mechanical geometry definitions for anticollision, see DESI-0899
PHI_EO = 104.0
PHI_EI = 142.0
ENVELOPE_EO = 9.99
ENVELOPE_EI = 6.8
RESOLUTION_EO = 32
RESOLUTION_EI = 32
RESOLUTION_EE = 32

# Parameters for plotting visualizations
FERRULE_DIAM = 1.25
FERRULE_RESLN = 10

# Phi arm (R2) keepout polygon
KEEPOUT_PHI_PT0 = 12
KEEPOUT_PHI = [[3.967, 3.918, 3.269, 1.712, 1.313, 0.0, -1.324, -2.106, -2.106, -1.324, 0.0, 1.313, 1.712, 3.269, 3.918], [0.0, 1.014, 1.583, 1.391, 1.959, 2.395, 1.959, 0.848, -0.848, -1.959, -2.395, -1.959, -1.391, -1.583, -1.014]]

# Theta arm (R1) keepout polygon
KEEPOUT_THETA_PT0 = 0
KEEPOUT_THETA = [[0.814, 2.083, 2.613, 4.194, 4.893, -1.902, -2.007, -1.139, -0.17], [-3.236, -2.707, -2.665, -2.761, -1.168, -0.935, -2.665, -3.137, -3.332]]

# Petal edges keepout polygon -- flatXY coordinate system
# ***VERTICES SHOWN HERE ARE NOT FINALIZED, AND SHOULD BE CHECKED AND REFRESHED***
KEEPOUT_PTL_PT0 = 0
KEEPOUT_PTL = [[-27.039999999999999, 32.240000000000002, 32.240000000000002, -27.039999999999999], [-24.25332839871632, -24.25332839871632, 24.25332839871632, 24.25332839871632]]

# GFA keepout polygon -- flatXY coordinate system
# ***VERTICES SHOWN HERE ARE KNOWN TO BE OUT OF DATE, AND NEED UPDATE***
KEEPOUT_GFA_PT0 = 0
KEEPOUT_GFA = [[0.0, 34.5, 34.5, -54.0, -55.9, -55.9, -54.0, -52.0, -39.7, -38.7, -38.7, -7.7, -4.3, -2.9, -2.9, -1.4, -1.4, 9.5, 34.5, 34.5], [0.0, 1.0, 18.2, 18.2, 16.3, 13.7, 11.8, 11.8, 2.5, 0.5, -18.2, -18.2, -19.6, -23.0, -27.4, -29.9, -38.7, -38.7, -17.7, -1.0]]
KEEPOUT_GFA_X0 = 72.240000000000009
KEEPOUT_GFA_Y0 = 64.25332839871632
KEEPOUT_GFA_ROT = 0
