# Template file for configuration of individual fiber positioner unit.

# ID
POS_ID = 'M00067'
CAN_ID = 7
DEVICE_ID = -1
PETAL_ID = -1

# STATE
POS_T = 23.032414010294573
POS_P = 31.15874659495033
GENERAL_SETTINGS_FILE = '_genl_settings_DEFAULT.conf'

# CALIBRATION
LENGTH_R1 = 2.9890145409770725
LENGTH_R2 = 3.0292958470926683
OFFSET_T = -38.575515696730029
OFFSET_P = 0.38789112855427277
GEAR_CALIB_T = 1.0
GEAR_CALIB_P = 1.0
GEAR_TYPE_T = 'namiki'
GEAR_TYPE_P = 'namiki'
OFFSET_X = 52.177632197574901
OFFSET_Y = 26.032175300364926
PHYSICAL_RANGE_T = 393.56466457200338
PHYSICAL_RANGE_P = 183.86131443061444
MOTOR_CCW_DIR_T = -1
MOTOR_CCW_DIR_P = -1
MOTOR_ID_T = 1
MOTOR_ID_P = 0

# HISTORY
TOTAL_MOVE_SEQUENCES = 2217
TOTAL_CRUISE_MOVES_T = 443
TOTAL_CRUISE_MOVES_P = 445
TOTAL_CREEP_MOVES_T = 6190
TOTAL_CREEP_MOVES_P = 6188
TOTAL_LIMIT_SEEKS_T = 11
TOTAL_LIMIT_SEEKS_P = 13
LAST_PRIMARY_HARDSTOP_DIR_T = -1.0
LAST_PRIMARY_HARDSTOP_DIR_P = 1.0
LAST_MOVE_CMD = 'dXdY; (auto backlash backup); (auto final creep)'
LAST_MOVE_VAL1 = '-3.94009e-05; 3; -3.00008'
LAST_MOVE_VAL2 = '0.00107526; -3; 3.00001'
LAST_MEAS_OBS_X = 57.97748686268332
LAST_MEAS_OBS_Y = 26.02990402522704
