# Template file for configuration of individual fiber positioner unit.

# ID
POS_ID = 'M00006'
CAN_ID = 114
DEVICE_ID = -1
PETAL_ID = -1

# STATE
POS_T = -502.77183353911016
POS_P = 241.59924153148944
GENERAL_SETTINGS_FILE = '_genl_settings_DEFAULT.conf'

# CALIBRATION
LENGTH_R1 = 2.7655172948028275
LENGTH_R2 = 2.9699212090130547
OFFSET_T = 176.21257018161148
OFFSET_P = 0.10342669088191363
GEAR_CALIB_T = 1.0
GEAR_CALIB_P = 1.0
GEAR_TYPE_T = 'namiki'
GEAR_TYPE_P = 'namiki'
OFFSET_X = 30.078533279317906
OFFSET_Y = 41.74369226035041
PHYSICAL_RANGE_T = 394.27265201649163
PHYSICAL_RANGE_P = 188.23181760881215
MOTOR_CCW_DIR_T = -1
MOTOR_CCW_DIR_P = -1
MOTOR_ID_T = 1
MOTOR_ID_P = 0

# HISTORY
TOTAL_MOVE_SEQUENCES = 4407
TOTAL_CRUISE_MOVES_T = 1275
TOTAL_CRUISE_MOVES_P = 1478
TOTAL_CREEP_MOVES_T = 11917
TOTAL_CREEP_MOVES_P = 11714
TOTAL_LIMIT_SEEKS_T = 17
TOTAL_LIMIT_SEEKS_P = 18
LAST_PRIMARY_HARDSTOP_DIR_T = -1.0
LAST_PRIMARY_HARDSTOP_DIR_P = 1.0
LAST_MOVE_CMD = '(software initialization)'
LAST_MOVE_VAL1 = ''
LAST_MOVE_VAL2 = ''
LAST_MEAS_OBS_X = 24.358397981755118
LAST_MEAS_OBS_Y = 41.705717101234804
