# Template file for configuration of individual fiber positioner unit.

# ID
POS_ID = 'M00057'
CAN_ID = 371
DEVICE_ID = -1
PETAL_ID = -1

# STATE
POS_T = 27.970899656028259
POS_P = 40.915503703703436
GENERAL_SETTINGS_FILE = '_genl_settings_DEFAULT.conf'

# CALIBRATION
LENGTH_R1 = 3.0272852388962899
LENGTH_R2 = 3.0565363747861127
OFFSET_T = -45.496365327054676
OFFSET_P = -5.9692293742146099
GEAR_CALIB_T = 1.0
GEAR_CALIB_P = 1.0
GEAR_TYPE_T = 'namiki'
GEAR_TYPE_P = 'namiki'
OFFSET_X = 52.392128397749204
OFFSET_Y = 25.976625268196251
PHYSICAL_RANGE_T = 392.65854068794238
PHYSICAL_RANGE_P = 190.0
MOTOR_CCW_DIR_T = -1
MOTOR_CCW_DIR_P = -1
MOTOR_ID_T = 1
MOTOR_ID_P = 0

# HISTORY
TOTAL_MOVE_SEQUENCES = 4370
TOTAL_CRUISE_MOVES_T = 903
TOTAL_CRUISE_MOVES_P = 867
TOTAL_CREEP_MOVES_T = 12164
TOTAL_CREEP_MOVES_P = 12200
TOTAL_LIMIT_SEEKS_T = 23
TOTAL_LIMIT_SEEKS_P = 28
LAST_PRIMARY_HARDSTOP_DIR_T = -1.0
LAST_PRIMARY_HARDSTOP_DIR_P = 1.0
LAST_MOVE_CMD = 'dXdY; (auto backlash backup); (auto final creep)'
LAST_MOVE_VAL1 = '0.000143761; 3; -3.00012'
LAST_MOVE_VAL2 = '-0.000254078; -3; 2.99995'
LAST_MEAS_OBS_X = 58.19222783508182
LAST_MEAS_OBS_Y = 25.97698249135694
