# Template file for configuration of individual fiber positioner unit.

# ID
POS_ID = 'M00214'
CAN_ID = 448
DEVICE_ID = -1
PETAL_ID = -1

# STATE
POS_T = -0.00010021207913268881
POS_P = 180.00009814814814
GENERAL_SETTINGS_FILE = '_genl_settings_DEFAULT.conf'

# CALIBRATION
LENGTH_R1 = 2.999162158214644
LENGTH_R2 = 3.0211463802236933
OFFSET_T = -25.492164184120778
OFFSET_P = -4.227579501021999
GEAR_CALIB_T = 1.0
GEAR_CALIB_P = 1.0
GEAR_TYPE_T = 'namiki'
GEAR_TYPE_P = 'namiki'
OFFSET_X = 14.995612942878964
OFFSET_Y = 10.045677641800664
PHYSICAL_RANGE_T = 392.84457770810894
PHYSICAL_RANGE_P = 190.0
MOTOR_CCW_DIR_T = -1
MOTOR_CCW_DIR_P = -1
MOTOR_ID_T = 1
MOTOR_ID_P = 0

# HISTORY
TOTAL_MOVE_SEQUENCES = 2181
TOTAL_CRUISE_MOVES_T = 423
TOTAL_CRUISE_MOVES_P = 440
TOTAL_CREEP_MOVES_T = 6114
TOTAL_CREEP_MOVES_P = 6097
TOTAL_LIMIT_SEEKS_T = 11
TOTAL_LIMIT_SEEKS_P = 12
LAST_PRIMARY_HARDSTOP_DIR_T = -1.0
LAST_PRIMARY_HARDSTOP_DIR_P = 1.0
LAST_MOVE_CMD = 'posTP; (auto final creep)'
LAST_MOVE_VAL1 = '0; 0.000100212'
LAST_MOVE_VAL2 = '180; -9.81481e-05'
LAST_MEAS_OBS_X = 20.7954392064983
LAST_MEAS_OBS_Y = 10.045465425794566
