# Template file for configuration of individual fiber positioner unit.

# ID
POS_ID = 'M00059'
CAN_ID = 302
DEVICE_ID = -1
PETAL_ID = -1

# STATE
POS_T = -37.602449647475993
POS_P = 18.569374841708616
GENERAL_SETTINGS_FILE = '_genl_settings_DEFAULT.conf'

# CALIBRATION
LENGTH_R1 = 2.732615266548911
LENGTH_R2 = 3.1048582355381611
OFFSET_T = 30.045477674628327
OFFSET_P = -4.3696247607990557
GEAR_CALIB_T = 1.0
GEAR_CALIB_P = 1.0
GEAR_TYPE_T = 'namiki'
GEAR_TYPE_P = 'namiki'
OFFSET_X = 37.177979004604566
OFFSET_Y = 26.378590806611534
PHYSICAL_RANGE_T = 394.19629509742128
PHYSICAL_RANGE_P = 184.23784738967962
MOTOR_CCW_DIR_T = -1
MOTOR_CCW_DIR_P = -1
MOTOR_ID_T = 1
MOTOR_ID_P = 0

# HISTORY
TOTAL_MOVE_SEQUENCES = 4357
TOTAL_CRUISE_MOVES_T = 875
TOTAL_CRUISE_MOVES_P = 875
TOTAL_CREEP_MOVES_T = 12167
TOTAL_CREEP_MOVES_P = 12167
TOTAL_LIMIT_SEEKS_T = 12
TOTAL_LIMIT_SEEKS_P = 15
LAST_PRIMARY_HARDSTOP_DIR_T = -1.0
LAST_PRIMARY_HARDSTOP_DIR_P = 1.0
LAST_MOVE_CMD = 'dXdY; (auto backlash backup); (auto final creep)'
LAST_MOVE_VAL1 = '0.000300232; 3; -3.0001'
LAST_MOVE_VAL2 = '-0.00161578; -3; 3.00001'
LAST_MEAS_OBS_X = 42.97834770427709
LAST_MEAS_OBS_Y = 26.37910910726398
