# Settings for Unit M00033

# ID
POS_ID = 'M00033'
CAN_ID = 186
DEVICE_ID = -1
PETAL_ID = -1

# STATE
POS_T = -6.146518561805717
POS_P = -1.7169720361711889
GENERAL_SETTINGS_FILE = '_genl_settings_DEFAULT.conf'

# CALIBRATION
LENGTH_R1 = 3.0432060921515856
LENGTH_R2 = 3.0633502314706607
OFFSET_T = -20.125145614560427
OFFSET_P = 13.959855086686886
GEAR_CALIB_T = 1.0
GEAR_CALIB_P = 1.0
GEAR_TYPE_T = 'namiki'
GEAR_TYPE_P = 'namiki'
OFFSET_X = 52.64469246742761
OFFSET_Y = 25.927021970206425
PHYSICAL_RANGE_T = 391.7155279878076
PHYSICAL_RANGE_P = 171.70171561379368
MOTOR_CCW_DIR_T = -1
MOTOR_CCW_DIR_P = -1
MOTOR_ID_T = 1
MOTOR_ID_P = 0

# HISTORY
TOTAL_MOVE_SEQUENCES = 10943
TOTAL_CRUISE_MOVES_T = 4829
TOTAL_CRUISE_MOVES_P = 4548
TOTAL_CREEP_MOVES_T = 27947
TOTAL_CREEP_MOVES_P = 28228
TOTAL_LIMIT_SEEKS_T = 34
TOTAL_LIMIT_SEEKS_P = 39
LAST_PRIMARY_HARDSTOP_DIR_T = -1.0
LAST_PRIMARY_HARDSTOP_DIR_P = 1.0
LAST_MOVE_CMD = 'dXdY; (auto backlash backup); (auto final creep)'
LAST_MOVE_VAL1 = '-0.238173; 3; -3.00015'
LAST_MOVE_VAL2 = '-0.674095; -0; -4.512e-05'
LAST_MEAS_OBS_X = 58.68862909193495
LAST_MEAS_OBS_Y = 26.54241041846807
