# Template file for configuration of individual fiber positioner unit.

# ID
POS_ID = 'M00265'
CAN_ID = 204
DEVICE_ID = -1
PETAL_ID = -1

# STATE
POS_T = -193.57067095289528
POS_P = 179.51458736154436
GENERAL_SETTINGS_FILE = '_genl_settings_DEFAULT.conf'

# CALIBRATION
LENGTH_R1 = 2.9738358464603598
LENGTH_R2 = 3.0751417733443551
OFFSET_T = 177.28358417816779
OFFSET_P = -0.94671788188367145
GEAR_CALIB_T = 1.0
GEAR_CALIB_P = 1.0
GEAR_TYPE_T = 'namiki'
GEAR_TYPE_P = 'namiki'
OFFSET_X = 60.868471138688847
OFFSET_Y = 48.124779282187667
PHYSICAL_RANGE_T = 393.14134190579057
PHYSICAL_RANGE_P = 184.35816905206502
MOTOR_CCW_DIR_T = -1
MOTOR_CCW_DIR_P = -1
MOTOR_ID_T = 1
MOTOR_ID_P = 0

# HISTORY
TOTAL_MOVE_SEQUENCES = 2267
TOTAL_CRUISE_MOVES_T = 475
TOTAL_CRUISE_MOVES_P = 467
TOTAL_CREEP_MOVES_T = 6300
TOTAL_CREEP_MOVES_P = 6308
TOTAL_LIMIT_SEEKS_T = 14
TOTAL_LIMIT_SEEKS_P = 17
LAST_PRIMARY_HARDSTOP_DIR_T = -1.0
LAST_PRIMARY_HARDSTOP_DIR_P = 1.0
LAST_MOVE_CMD = 'P limit seek; T limit seek; debounce direct_dtdp; debounce direct_dtdp'
LAST_MOVE_VAL1 = '0; -1; 3; 3'
LAST_MOVE_VAL2 = '1; 0; -3; -3'
LAST_MEAS_OBS_X = 66.66839759912568
LAST_MEAS_OBS_Y = 48.1252122301917
