# Template file for configuration of individual fiber positioner unit.

# ID
POS_ID = 'M00174'
CAN_ID = 116
DEVICE_ID = -1
PETAL_ID = -1

# STATE
POS_T = 31.432517309944064
POS_P = 42.656651360961789
GENERAL_SETTINGS_FILE = '_genl_settings_DEFAULT.conf'

# CALIBRATION
LENGTH_R1 = 3.0742916082888074
LENGTH_R2 = 3.0291561439349786
OFFSET_T = -51.605229494084348
OFFSET_P = -4.9093665116955094
GEAR_CALIB_T = 1.0
GEAR_CALIB_P = 1.0
GEAR_TYPE_T = 'namiki'
GEAR_TYPE_P = 'namiki'
OFFSET_X = 29.805858707037309
OFFSET_Y = 20.444185135719355
PHYSICAL_RANGE_T = 391.88838661468037
PHYSICAL_RANGE_P = 185.85758660977558
MOTOR_CCW_DIR_T = -1
MOTOR_CCW_DIR_P = -1
MOTOR_ID_T = 1
MOTOR_ID_P = 0

# HISTORY
TOTAL_MOVE_SEQUENCES = 4914
TOTAL_CRUISE_MOVES_T = 3908
TOTAL_CRUISE_MOVES_P = 3629
TOTAL_CREEP_MOVES_T = 10562
TOTAL_CREEP_MOVES_P = 10841
TOTAL_LIMIT_SEEKS_T = 134
TOTAL_LIMIT_SEEKS_P = 165
LAST_PRIMARY_HARDSTOP_DIR_T = -1.0
LAST_PRIMARY_HARDSTOP_DIR_P = 1.0
LAST_MOVE_CMD = 'dXdY; (auto backlash backup); (auto final creep)'
LAST_MOVE_VAL1 = '-0.000288294; 3; -3.00306'
LAST_MOVE_VAL2 = '-0.00138197; -3; 3.00293'
LAST_MEAS_OBS_X = 35.60553774451527
LAST_MEAS_OBS_Y = 20.445234256657468
