# Template file for configuration of individual fiber positioner unit.

# ID
POS_ID = 'M00218'
CAN_ID = 462
DEVICE_ID = -1
PETAL_ID = -1

# STATE
POS_T = 0.00011584538768261154
POS_P = 179.99996799860997
GENERAL_SETTINGS_FILE = '_genl_settings_DEFAULT.conf'

# CALIBRATION
LENGTH_R1 = 2.82756067994585
LENGTH_R2 = 3.0705558716251424
OFFSET_T = -100.78647043132753
OFFSET_P = -1.7060424106761616
GEAR_CALIB_T = 1.0
GEAR_CALIB_P = 1.0
GEAR_TYPE_T = 'namiki'
GEAR_TYPE_P = 'namiki'
OFFSET_X = 52.00883554272552
OFFSET_Y = 25.850628952774112
PHYSICAL_RANGE_T = 394.92738361786667
PHYSICAL_RANGE_P = 186.6042155865745
MOTOR_CCW_DIR_T = -1
MOTOR_CCW_DIR_P = -1
MOTOR_ID_T = 1
MOTOR_ID_P = 0

# HISTORY
TOTAL_MOVE_SEQUENCES = 2200
TOTAL_CRUISE_MOVES_T = 439
TOTAL_CRUISE_MOVES_P = 462
TOTAL_CREEP_MOVES_T = 6155
TOTAL_CREEP_MOVES_P = 6132
TOTAL_LIMIT_SEEKS_T = 12
TOTAL_LIMIT_SEEKS_P = 13
LAST_PRIMARY_HARDSTOP_DIR_T = -1.0
LAST_PRIMARY_HARDSTOP_DIR_P = 1.0
LAST_MOVE_CMD = 'direct_dtdp; (auto backlash backup); (auto final creep)'
LAST_MOVE_VAL1 = '0; 0; 0'
LAST_MOVE_VAL2 = '10; -3; 3.00301'
LAST_MEAS_OBS_X = 57.808383192301164
LAST_MEAS_OBS_Y = 25.851515986470975
