# Template file for configuration of individual fiber positioner unit.

# ID
POS_ID = 'M00060'
CAN_ID = 3
DEVICE_ID = -1
PETAL_ID = -1

# STATE
POS_T = -3.5407391303258526
POS_P = 35.45828604023648
GENERAL_SETTINGS_FILE = '_genl_settings_DEFAULT.conf'

# CALIBRATION
LENGTH_R1 = 2.9687997605390337
LENGTH_R2 = 3.0571774158688694
OFFSET_T = -12.564382405299297
OFFSET_P = -3.5254959405730943
GEAR_CALIB_T = 1.0
GEAR_CALIB_P = 1.0
GEAR_TYPE_T = 'namiki'
GEAR_TYPE_P = 'namiki'
OFFSET_X = 22.154210228792405
OFFSET_Y = 26.086185536227418
PHYSICAL_RANGE_T = 394.46876789027993
PHYSICAL_RANGE_P = 186.01257387778003
MOTOR_CCW_DIR_T = -1
MOTOR_CCW_DIR_P = -1
MOTOR_ID_T = 1
MOTOR_ID_P = 0

# HISTORY
TOTAL_MOVE_SEQUENCES = 4357
TOTAL_CRUISE_MOVES_T = 856
TOTAL_CRUISE_MOVES_P = 850
TOTAL_CREEP_MOVES_T = 12188
TOTAL_CREEP_MOVES_P = 12194
TOTAL_LIMIT_SEEKS_T = 12
TOTAL_LIMIT_SEEKS_P = 15
LAST_PRIMARY_HARDSTOP_DIR_T = -1.0
LAST_PRIMARY_HARDSTOP_DIR_P = 1.0
LAST_MOVE_CMD = 'dXdY; (auto backlash backup); (auto final creep)'
LAST_MOVE_VAL1 = '-0.000116733; 3; -3.00002'
LAST_MOVE_VAL2 = '0.00101265; -3; 3.00002'
LAST_MEAS_OBS_X = 27.954363218409977
LAST_MEAS_OBS_Y = 26.085356866312775
