# Template file for configuration of individual fiber positioner unit.

# ID
POS_ID = 'M00055'
CAN_ID = 74
DEVICE_ID = -1
PETAL_ID = -1

# STATE
POS_T = 146.96034434978338
POS_P = 48.722791802432639
GENERAL_SETTINGS_FILE = '_genl_settings_DEFAULT.conf'

# CALIBRATION
LENGTH_R1 = 2.9902145228299504
LENGTH_R2 = 2.9918399159909956
OFFSET_T = -138.58577689808121
OFFSET_P = 5.4241752725227883
GEAR_CALIB_T = 1.0
GEAR_CALIB_P = 1.0
GEAR_TYPE_T = 'namiki'
GEAR_TYPE_P = 'namiki'
OFFSET_X = 25.932641959452546
OFFSET_Y = 10.176839946440566
PHYSICAL_RANGE_T = 392.74680463376848
PHYSICAL_RANGE_P = 183.83136208999991
MOTOR_CCW_DIR_T = -1
MOTOR_CCW_DIR_P = -1
MOTOR_ID_T = 1
MOTOR_ID_P = 0

# HISTORY
TOTAL_MOVE_SEQUENCES = 7715
TOTAL_CRUISE_MOVES_T = 2457
TOTAL_CRUISE_MOVES_P = 2664
TOTAL_CREEP_MOVES_T = 20569
TOTAL_CREEP_MOVES_P = 20362
TOTAL_LIMIT_SEEKS_T = 115
TOTAL_LIMIT_SEEKS_P = 133
LAST_PRIMARY_HARDSTOP_DIR_T = -1.0
LAST_PRIMARY_HARDSTOP_DIR_P = 1.0
LAST_MOVE_CMD = 'dXdY; (auto backlash backup); (auto final creep)'
LAST_MOVE_VAL1 = '2.82049e-05; 3; -3.00002'
LAST_MOVE_VAL2 = '-0.000182145; -3; 2.99999'
LAST_MEAS_OBS_X = 30.346029073448037
LAST_MEAS_OBS_Y = 13.20395217413784
