# Template file for configuration of individual fiber positioner unit.

# ID
POS_ID = 'M00199'
CAN_ID = 307
DEVICE_ID = -1
PETAL_ID = -1

# STATE
POS_T = -194.41758464117768
POS_P = 181.75121888754748
GENERAL_SETTINGS_FILE = '_genl_settings_DEFAULT.conf'

# CALIBRATION
LENGTH_R1 = 3.0190815220898104
LENGTH_R2 = 3.0429185029881793
OFFSET_T = -95.097847469323128
OFFSET_P = -1.296439809597004
GEAR_CALIB_T = 1.0
GEAR_CALIB_P = 1.0
GEAR_TYPE_T = 'namiki'
GEAR_TYPE_P = 'namiki'
OFFSET_X = 61.692799461689454
OFFSET_Y = 15.969460355800173
PHYSICAL_RANGE_T = 394.83516928235537
PHYSICAL_RANGE_P = 186.61739281570453
MOTOR_CCW_DIR_T = -1
MOTOR_CCW_DIR_P = -1
MOTOR_ID_T = 1
MOTOR_ID_P = 0

# HISTORY
TOTAL_MOVE_SEQUENCES = 4355
TOTAL_CRUISE_MOVES_T = 828
TOTAL_CRUISE_MOVES_P = 862
TOTAL_CREEP_MOVES_T = 12224
TOTAL_CREEP_MOVES_P = 12190
TOTAL_LIMIT_SEEKS_T = 19
TOTAL_LIMIT_SEEKS_P = 21
LAST_PRIMARY_HARDSTOP_DIR_T = -1.0
LAST_PRIMARY_HARDSTOP_DIR_P = 1.0
LAST_MOVE_CMD = 'P limit seek; T limit seek; debounce direct_dtdp; debounce direct_dtdp'
LAST_MOVE_VAL1 = '0; -1; 3; 3'
LAST_MOVE_VAL2 = '1; 0; -3; -3'
LAST_MEAS_OBS_X = 67.49281712808636
LAST_MEAS_OBS_Y = 15.967801333820425
