# Configuration file for unit M00442.

#ID
POS_ID = 'M00442'
CAN_ID = 461
DEVICE_ID = -1
PETAL_ID = -1

# STATE
POS_T = 179.99990747213317
POS_P = -2.9999719753087355
GENERAL_SETTINGS_FILE = '_genl_settings_DEFAULT.conf'

# CALIBRATION
LENGTH_R1 = 2.7926689495432422
LENGTH_R2 = 3.0717057516939743
OFFSET_T = -60.54677223455738
OFFSET_P = -5.4759987168407811
GEAR_CALIB_T = 1.0
GEAR_CALIB_P = 1.0
GEAR_TYPE_T = 'namiki'
GEAR_TYPE_P = 'namiki'
OFFSET_X = 75.825483336091736
OFFSET_Y = 16.132449200179781
PHYSICAL_RANGE_T = 393.92769172240071
PHYSICAL_RANGE_P = 190.0
MOTOR_CCW_DIR_T = -1
MOTOR_CCW_DIR_P = -1
MOTOR_ID_T = 1
MOTOR_ID_P = 0

# HISTORY
TOTAL_MOVE_SEQUENCES = 176
TOTAL_CRUISE_MOVES_T = 62
TOTAL_CRUISE_MOVES_P = 65
TOTAL_CREEP_MOVES_T = 459
TOTAL_CREEP_MOVES_P = 456
TOTAL_LIMIT_SEEKS_T = 7
TOTAL_LIMIT_SEEKS_P = 8
LAST_PRIMARY_HARDSTOP_DIR_T = -1.0
LAST_PRIMARY_HARDSTOP_DIR_P = 1.0
LAST_MOVE_CMD = 'posTP; (auto backlash backup); (auto final creep)'
LAST_MOVE_VAL1 = '180; 3; -3.00205'
LAST_MOVE_VAL2 = '-3; -3; -4.09833'
LAST_MEAS_OBS_X = 81.62523799611195
LAST_MEAS_OBS_Y = 16.132098598775745
