# Configuration file for unit M00358.

#ID
POS_ID = 'M00358'
CAN_ID = 24
DEVICE_ID = -1
PETAL_ID = -1

# STATE
POS_T = 179.99988434466715
POS_P = -2.9999719753086396
GENERAL_SETTINGS_FILE = '_genl_settings_DEFAULT.conf'

# CALIBRATION
LENGTH_R1 = 3.0346415066708561
LENGTH_R2 = 3.1377554479528502
OFFSET_T = -43.398390478898413
OFFSET_P = -2.557019287928199
GEAR_CALIB_T = 1.0
GEAR_CALIB_P = 1.0
GEAR_TYPE_T = 'namiki'
GEAR_TYPE_P = 'namiki'
OFFSET_X = 60.463530648834521
OFFSET_Y = 48.088215176036776
PHYSICAL_RANGE_T = 394.23897871807276
PHYSICAL_RANGE_P = 190.0
MOTOR_CCW_DIR_T = -1
MOTOR_CCW_DIR_P = -1
MOTOR_ID_T = 1
MOTOR_ID_P = 0

# HISTORY
TOTAL_MOVE_SEQUENCES = 952
TOTAL_CRUISE_MOVES_T = 407
TOTAL_CRUISE_MOVES_P = 330
TOTAL_CREEP_MOVES_T = 2387
TOTAL_CREEP_MOVES_P = 2464
TOTAL_LIMIT_SEEKS_T = 37
TOTAL_LIMIT_SEEKS_P = 44
LAST_PRIMARY_HARDSTOP_DIR_T = -1.0
LAST_PRIMARY_HARDSTOP_DIR_P = 1.0
LAST_MOVE_CMD = 'posTP; (auto backlash backup); (auto final creep)'
LAST_MOVE_VAL1 = '180; 3; -3.00291'
LAST_MOVE_VAL2 = '-3; -3; -4.09922'
LAST_MEAS_OBS_X = 66.2631242700212
LAST_MEAS_OBS_Y = 48.08848354571848
