# Settings file for unit: M00012

POS_ID = 'M00012'
CAN_ID = 84
DEVICE_ID = -1
PETAL_ID = -1

# STATE
POS_T = 107.33541201381978
POS_P = 40.544869532790301
GENERAL_SETTINGS_FILE = '_genl_settings_DEFAULT.conf'

# CALIBRATION
LENGTH_R1 = 3.0132510940525266
LENGTH_R2 = 3.0232933995769447
OFFSET_T = -129.08061600462079
OFFSET_P = 1.7933707113084278
GEAR_CALIB_T = 1.0
GEAR_CALIB_P = 1.0
GEAR_TYPE_T = 'namiki'
GEAR_TYPE_P = 'namiki'
OFFSET_X = 44.659158911318535
OFFSET_Y = 10.185882689900561
PHYSICAL_RANGE_T = 392.46724955260765
PHYSICAL_RANGE_P = 187.42642701279493
MOTOR_CCW_DIR_T = -1
MOTOR_CCW_DIR_P = -1
MOTOR_ID_T = 1
MOTOR_ID_P = 0

# HISTORY
TOTAL_MOVE_SEQUENCES = 3541
TOTAL_CRUISE_MOVES_T = 1353
TOTAL_CRUISE_MOVES_P = 1168
TOTAL_CREEP_MOVES_T = 9202
TOTAL_CREEP_MOVES_P = 9387
TOTAL_LIMIT_SEEKS_T = 57
TOTAL_LIMIT_SEEKS_P = 66
LAST_PRIMARY_HARDSTOP_DIR_T = -1.0
LAST_PRIMARY_HARDSTOP_DIR_P = 1.0
LAST_MOVE_CMD = 'dXdY; (auto backlash backup); (auto final creep)'
LAST_MOVE_VAL1 = '-0.000384844; 3; -3.00014'
LAST_MOVE_VAL2 = '-2.79979e-05; -3; 3.00013'
LAST_MEAS_OBS_X = 50.259591313556
LAST_MEAS_OBS_Y = 10.185410305328958
