# Template file for configuration of individual fiber positioner unit.

# ID
POS_ID = 'M00254'
CAN_ID = 261
DEVICE_ID = -1
PETAL_ID = -1

# STATE
POS_T = -149.86830076152495
POS_P = 41.641732098765353
GENERAL_SETTINGS_FILE = '_genl_settings_DEFAULT.conf'

# CALIBRATION
LENGTH_R1 = 3.0698674657141716
LENGTH_R2 = 3.0401386741207168
OFFSET_T = 128.19873101930335
OFFSET_P = -4.6457497742275962
GEAR_CALIB_T = 1.0
GEAR_CALIB_P = 1.0
GEAR_TYPE_T = 'namiki'
GEAR_TYPE_P = 'namiki'
OFFSET_X = 37.965347517618312
OFFSET_Y = 32.317221610659097
PHYSICAL_RANGE_T = 394.15387115267959
PHYSICAL_RANGE_P = 190.0
MOTOR_CCW_DIR_T = -1
MOTOR_CCW_DIR_P = -1
MOTOR_ID_T = 1
MOTOR_ID_P = 0

# HISTORY
TOTAL_MOVE_SEQUENCES = 3527
TOTAL_CRUISE_MOVES_T = 946
TOTAL_CRUISE_MOVES_P = 900
TOTAL_CREEP_MOVES_T = 9547
TOTAL_CREEP_MOVES_P = 9593
TOTAL_LIMIT_SEEKS_T = 43
TOTAL_LIMIT_SEEKS_P = 53
LAST_PRIMARY_HARDSTOP_DIR_T = -1.0
LAST_PRIMARY_HARDSTOP_DIR_P = 1.0
LAST_MOVE_CMD = 'dXdY; (auto backlash backup); (auto final creep)'
LAST_MOVE_VAL1 = '0.00792955; 3; -2.99998'
LAST_MOVE_VAL2 = '2.97875e-05; -3; 3.00008'
LAST_MEAS_OBS_X = 43.76538925107745
LAST_MEAS_OBS_Y = 32.31293134178961
