# Template file for configuration of individual fiber positioner unit.

# ID
POS_ID = 'M00228'
CAN_ID = 483
DEVICE_ID = -1
PETAL_ID = -1

# STATE
POS_T = 99.649445505330235
POS_P = 34.545615889845578
GENERAL_SETTINGS_FILE = '_genl_settings_DEFAULT.conf'

# CALIBRATION
LENGTH_R1 = 3.0609011662921084
LENGTH_R2 = 2.9828972591121334
OFFSET_T = -116.13095451279555
OFFSET_P = -1.3976720755337908
GEAR_CALIB_T = 1.0
GEAR_CALIB_P = 1.0
GEAR_TYPE_T = 'namiki'
GEAR_TYPE_P = 'namiki'
OFFSET_X = 52.742551150363546
OFFSET_Y = 32.138430935991778
PHYSICAL_RANGE_T = 393.8143783720559
PHYSICAL_RANGE_P = 184.71641747197279
MOTOR_CCW_DIR_T = -1
MOTOR_CCW_DIR_P = -1
MOTOR_ID_T = 1
MOTOR_ID_P = 0

# HISTORY
TOTAL_MOVE_SEQUENCES = 2488
TOTAL_CRUISE_MOVES_T = 563
TOTAL_CRUISE_MOVES_P = 554
TOTAL_CREEP_MOVES_T = 6858
TOTAL_CREEP_MOVES_P = 6867
TOTAL_LIMIT_SEEKS_T = 22
TOTAL_LIMIT_SEEKS_P = 27
LAST_PRIMARY_HARDSTOP_DIR_T = -1.0
LAST_PRIMARY_HARDSTOP_DIR_P = 1.0
LAST_MOVE_CMD = 'dXdY; (auto backlash backup); (auto final creep)'
LAST_MOVE_VAL1 = '0.000187041; 3; -3.00007'
LAST_MOVE_VAL2 = '0.000219696; -3; 3.00011'
LAST_MEAS_OBS_X = 58.5429968677163
LAST_MEAS_OBS_Y = 32.13795016284284
