# Template file for configuration of individual fiber positioner unit.

# ID
POS_ID = 'M00275'
CAN_ID = 246
DEVICE_ID = -1
PETAL_ID = -1

# STATE
POS_T = -192.94327396389747
POS_P = 181.2740908490167
GENERAL_SETTINGS_FILE = '_genl_settings_DEFAULT.conf'

# CALIBRATION
LENGTH_R1 = 2.9784835378173011
LENGTH_R2 = 3.0724390242161594
OFFSET_T = -41.160955583835197
OFFSET_P = -0.50986536227662782
GEAR_CALIB_T = 1.0
GEAR_CALIB_P = 1.0
GEAR_TYPE_T = 'namiki'
GEAR_TYPE_P = 'namiki'
OFFSET_X = 22.545275149357867
OFFSET_Y = 32.443729888647113
PHYSICAL_RANGE_T = 391.88654792779494
PHYSICAL_RANGE_P = 186.13544530203706
MOTOR_CCW_DIR_T = -1
MOTOR_CCW_DIR_P = -1
MOTOR_ID_T = 1
MOTOR_ID_P = 0

# HISTORY
TOTAL_MOVE_SEQUENCES = 2172
TOTAL_CRUISE_MOVES_T = 684
TOTAL_CRUISE_MOVES_P = 674
TOTAL_CREEP_MOVES_T = 5824
TOTAL_CREEP_MOVES_P = 5834
TOTAL_LIMIT_SEEKS_T = 9
TOTAL_LIMIT_SEEKS_P = 10
LAST_PRIMARY_HARDSTOP_DIR_T = -1.0
LAST_PRIMARY_HARDSTOP_DIR_P = 1.0
LAST_MOVE_CMD = 'P limit seek; T limit seek; debounce direct_dtdp; debounce direct_dtdp'
LAST_MOVE_VAL1 = '0; -1; 3; 3'
LAST_MOVE_VAL2 = '1; 0; -3; -3'
LAST_MEAS_OBS_X = 28.341695645837824
LAST_MEAS_OBS_Y = 32.47262130503746
