# Settings file for fiber positioner unit: UM00011

POS_ID = 'UM00011'
CAN_ID = 11
DEVICE_ID = -1
PETAL_ID = -1

# STATE
POS_T = 104.7203512505248
POS_P = 38.928305679012318
GENERAL_SETTINGS_FILE = '_genl_settings_DEFAULT.conf'

# CALIBRATION
LENGTH_R1 = 2.9130873362750127
LENGTH_R2 = 2.8866540397667095
OFFSET_T = 100.90778027928668
OFFSET_P = 0.0
GEAR_CALIB_T = 1.0
GEAR_CALIB_P = 1.0
GEAR_TYPE_T = 'namiki'
GEAR_TYPE_P = 'namiki'
OFFSET_X = 13.559282192769697
OFFSET_Y = 7.240272612234139
PHYSICAL_RANGE_T = 376.47608811623456
PHYSICAL_RANGE_P = 190.0
MOTOR_CCW_DIR_T = 1
MOTOR_CCW_DIR_P = 1
MOTOR_ID_T = 1
MOTOR_ID_P = 0

# HISTORY
TOTAL_MOVE_SEQUENCES = 660
TOTAL_CRUISE_MOVES_T = 448
TOTAL_CRUISE_MOVES_P = 507
TOTAL_CREEP_MOVES_T = 1501
TOTAL_CREEP_MOVES_P = 1442
TOTAL_LIMIT_SEEKS_T = 72
TOTAL_LIMIT_SEEKS_P = 76
LAST_PRIMARY_HARDSTOP_DIR_T = -1.0
LAST_PRIMARY_HARDSTOP_DIR_P = 1.0
LAST_MOVE_CMD = 'obsXY; (auto backlash backup); (auto final creep)'
LAST_MOVE_VAL1 = '9.69262; 3; -2.99715'
LAST_MOVE_VAL2 = '3.37361; -3; 2.99661'
LAST_MEAS_OBS_X = 7.790253111021289
LAST_MEAS_OBS_Y = 7.235285460797854
