# Settings file for unit: M00002

POS_ID = 'M00002'
CAN_ID = 1002
DEVICE_ID = -1
PETAL_ID = -1

# STATE
POS_T = -134.74208966436578
POS_P = 19.917282459740086
GENERAL_SETTINGS_FILE = '_genl_settings_DEFAULT.conf'

# CALIBRATION
LENGTH_R1 = 3.0627305127098006
LENGTH_R2 = 2.9264565493927539
OFFSET_T = 112.59113311834687
OFFSET_P = 8.9970716096373735
GEAR_CALIB_T = 1.0
GEAR_CALIB_P = 1.0
GEAR_TYPE_T = 'namiki'
GEAR_TYPE_P = 'namiki'
OFFSET_X = 75.189034629584867
OFFSET_Y = 42.097627282276434
PHYSICAL_RANGE_T = 394.22578253860786
PHYSICAL_RANGE_P = 199.66463722707272
MOTOR_CCW_DIR_T = -1
MOTOR_CCW_DIR_P = -1
MOTOR_ID_T = 1
MOTOR_ID_P = 0

# HISTORY
TOTAL_MOVE_SEQUENCES = 2451
TOTAL_CRUISE_MOVES_T = 751
TOTAL_CRUISE_MOVES_P = 665
TOTAL_CREEP_MOVES_T = 6580
TOTAL_CREEP_MOVES_P = 6666
TOTAL_LIMIT_SEEKS_T = 24
TOTAL_LIMIT_SEEKS_P = 27
LAST_PRIMARY_HARDSTOP_DIR_T = -1.0
LAST_PRIMARY_HARDSTOP_DIR_P = 1.0
LAST_MOVE_CMD = 'dXdY; (auto backlash backup); (auto final creep)'
LAST_MOVE_VAL1 = '-0.00952782; 3; -3.00011'
LAST_MOVE_VAL2 = '-0.213867; -3; 3.00009'
LAST_MEAS_OBS_X = 81.01734870085096
LAST_MEAS_OBS_Y = 42.088534818146556
