# Settings file for fiber positioner unit: UM00014

POS_ID = 'UM00014'
CAN_ID = 14
DEVICE_ID = -1
PETAL_ID = -1

# STATE
POS_T = -66.630958597174924
POS_P = 24.338131199959378
GENERAL_SETTINGS_FILE = '_genl_settings_DEFAULT.conf'

# CALIBRATION
LENGTH_R1 = 3.0044301192472558
LENGTH_R2 = 2.9685535835992667
OFFSET_T = 52.138174482738997
OFFSET_P = 0.72297712105273604
GEAR_CALIB_T = 1.0
GEAR_CALIB_P = 1.0
GEAR_TYPE_T = 'namiki'
GEAR_TYPE_P = 'namiki'
OFFSET_X = 12.038796128048592
OFFSET_Y = 8.0574521144555469
PHYSICAL_RANGE_T = 376.5583791696585
PHYSICAL_RANGE_P = 188.1528168998218
MOTOR_CCW_DIR_T = 1
MOTOR_CCW_DIR_P = 1
MOTOR_ID_T = 1
MOTOR_ID_P = 0

# HISTORY
TOTAL_MOVE_SEQUENCES = 6304
TOTAL_CRUISE_MOVES_T = 2280
TOTAL_CRUISE_MOVES_P = 2216
TOTAL_CREEP_MOVES_T = 16565
TOTAL_CREEP_MOVES_P = 16629
TOTAL_LIMIT_SEEKS_T = 121
TOTAL_LIMIT_SEEKS_P = 129
LAST_PRIMARY_HARDSTOP_DIR_T = -1.0
LAST_PRIMARY_HARDSTOP_DIR_P = 1.0
LAST_MOVE_CMD = 'dXdY; (auto backlash backup); (auto final creep)'
LAST_MOVE_VAL1 = '-0.00046979; 3; -2.99993'
LAST_MOVE_VAL2 = '0.00940219; -3; 3.00019'
LAST_MEAS_OBS_X = 17.83845425424657
LAST_MEAS_OBS_Y = 8.05512009920968
