# Template file for configuration of individual fiber positioner unit.

# ID
POS_ID = 'M00098'
CAN_ID = 98
DEVICE_ID = -1
PETAL_ID = -1

# STATE
POS_T = 187.16640831085161
POS_P = 106.99994147596314
GENERAL_SETTINGS_FILE = '_genl_settings_DEFAULT.conf'

# CALIBRATION
LENGTH_R1 = 2.8877995350653656
LENGTH_R2 = 3.0623274913531158
OFFSET_T = 21.190758121857233
OFFSET_P = -14.822739263075363
GEAR_CALIB_T = 1.0
GEAR_CALIB_P = 1.0
GEAR_TYPE_T = 'namiki'
GEAR_TYPE_P = 'namiki'
OFFSET_X = 70.147013344252287
OFFSET_Y = 21.498730301331047
PHYSICAL_RANGE_T = 392.33303251409927
PHYSICAL_RANGE_P = 185.40192629446335
MOTOR_CCW_DIR_T = -1
MOTOR_CCW_DIR_P = -1
MOTOR_ID_T = 1
MOTOR_ID_P = 0

# HISTORY
TOTAL_MOVE_SEQUENCES = 43
TOTAL_CRUISE_MOVES_T = 30
TOTAL_CRUISE_MOVES_P = 18
TOTAL_CREEP_MOVES_T = 90
TOTAL_CREEP_MOVES_P = 102
TOTAL_LIMIT_SEEKS_T = 4
TOTAL_LIMIT_SEEKS_P = 5
LAST_PRIMARY_HARDSTOP_DIR_T = -1.0
LAST_PRIMARY_HARDSTOP_DIR_P = 1.0
LAST_MOVE_CMD = 'posTP; (auto backlash backup); (auto final creep)'
LAST_MOVE_VAL1 = '187.167; 3; -3.00085'
LAST_MOVE_VAL2 = '107; -0; 5.8524e-05'
LAST_MEAS_OBS_X = 68.71074039614913
LAST_MEAS_OBS_Y = 18.217525644490234
