# Configuration file for unit M00358.

#ID
POS_ID = 'M00358'
CAN_ID = 24
DEVICE_ID = -1
PETAL_ID = -1

# STATE
POS_T = -1.9759595083629851
POS_P = 40.794564444444433
GENERAL_SETTINGS_FILE = '_genl_settings_DEFAULT.conf'

# CALIBRATION
LENGTH_R1 = 3.0372542922102275
LENGTH_R2 = 3.1377125233258978
OFFSET_T = -18.567490024244645
OFFSET_P = -0.39915978265863483
GEAR_CALIB_T = 1.0
GEAR_CALIB_P = 1.0
GEAR_TYPE_T = 'namiki'
GEAR_TYPE_P = 'namiki'
OFFSET_X = 15.655886110649829
OFFSET_Y = 16.125340688092194
PHYSICAL_RANGE_T = 394.64725309079995
PHYSICAL_RANGE_P = 190.0
MOTOR_CCW_DIR_T = -1
MOTOR_CCW_DIR_P = -1
MOTOR_ID_T = 1
MOTOR_ID_P = 0

# HISTORY
TOTAL_MOVE_SEQUENCES = 4260
TOTAL_CRUISE_MOVES_T = 1280
TOTAL_CRUISE_MOVES_P = 1166
TOTAL_CREEP_MOVES_T = 11329
TOTAL_CREEP_MOVES_P = 11443
TOTAL_LIMIT_SEEKS_T = 91
TOTAL_LIMIT_SEEKS_P = 107
LAST_PRIMARY_HARDSTOP_DIR_T = -1.0
LAST_PRIMARY_HARDSTOP_DIR_P = 1.0
LAST_MOVE_CMD = 'dXdY; (auto backlash backup); (auto final creep)'
LAST_MOVE_VAL1 = '-0.000618595; 3; -2.99992'
LAST_MOVE_VAL2 = '0.000709263; -3; 3.00014'
LAST_MEAS_OBS_X = 21.456145951587274
LAST_MEAS_OBS_Y = 16.12703340832928
