# Settings file for unit: M00004

POS_ID = 'M00004'
CAN_ID = 558
DEVICE_ID = -1
PETAL_ID = -1

# STATE
POS_T = -175.00008092659382
POS_P = -3.0001052207791403
GENERAL_SETTINGS_FILE = '_genl_settings_DEFAULT.conf'

# CALIBRATION
LENGTH_R1 = 2.9027592600606575
LENGTH_R2 = 3.0871979691683249
OFFSET_T = 0.094320642777934657
OFFSET_P = -4.6500169059055736
GEAR_CALIB_T = 1.0
GEAR_CALIB_P = 1.0
GEAR_TYPE_T = 'namiki'
GEAR_TYPE_P = 'namiki'
OFFSET_X = 15.763972769445784
OFFSET_Y = 16.216174668571504
PHYSICAL_RANGE_T = 392.95718382849606
PHYSICAL_RANGE_P = 186.89853631521237
MOTOR_CCW_DIR_T = -1
MOTOR_CCW_DIR_P = -1
MOTOR_ID_T = 1
MOTOR_ID_P = 0

# HISTORY
TOTAL_MOVE_SEQUENCES = 4437
TOTAL_CRUISE_MOVES_T = 871
TOTAL_CRUISE_MOVES_P = 942
TOTAL_CREEP_MOVES_T = 12374
TOTAL_CREEP_MOVES_P = 12303
TOTAL_LIMIT_SEEKS_T = 35
TOTAL_LIMIT_SEEKS_P = 43
LAST_PRIMARY_HARDSTOP_DIR_T = -1.0
LAST_PRIMARY_HARDSTOP_DIR_P = 1.0
LAST_MOVE_CMD = 'posTP; (auto backlash backup); (auto final creep)'
LAST_MOVE_VAL1 = '185; 3; -2.99909'
LAST_MOVE_VAL2 = '-3; -3; -4.12754'
LAST_MEAS_OBS_X = 21.56431562739346
LAST_MEAS_OBS_Y = 16.21751803496083
