# Template file for configuration of individual fiber positioner unit.

# ID
POS_ID = 'M00058'
CAN_ID = 358
DEVICE_ID = -1
PETAL_ID = -1

# STATE
POS_T = -140.69761848867978
POS_P = 108.01595251747861
GENERAL_SETTINGS_FILE = '_genl_settings_DEFAULT.conf'

# CALIBRATION
LENGTH_R1 = 3.061103773821308
LENGTH_R2 = 3.0267205193017057
OFFSET_T = -77.659830733387551
OFFSET_P = -2.3753193250494533
GEAR_CALIB_T = 1.0
GEAR_CALIB_P = 1.0
GEAR_TYPE_T = 'namiki'
GEAR_TYPE_P = 'namiki'
OFFSET_X = 67.313694304154865
OFFSET_Y = 26.064330299121394
PHYSICAL_RANGE_T = 393.65223302674229
PHYSICAL_RANGE_P = 184.94789779169184
MOTOR_CCW_DIR_T = -1
MOTOR_CCW_DIR_P = -1
MOTOR_ID_T = 1
MOTOR_ID_P = 0

# HISTORY
TOTAL_MOVE_SEQUENCES = 662
TOTAL_CRUISE_MOVES_T = 181
TOTAL_CRUISE_MOVES_P = 151
TOTAL_CREEP_MOVES_T = 1780
TOTAL_CREEP_MOVES_P = 1810
TOTAL_LIMIT_SEEKS_T = 14
TOTAL_LIMIT_SEEKS_P = 17
LAST_PRIMARY_HARDSTOP_DIR_T = -1.0
LAST_PRIMARY_HARDSTOP_DIR_P = 1.0
LAST_MOVE_CMD = 'obsXY; (auto backlash backup); (auto final creep)'
LAST_MOVE_VAL1 = '63.7445; 3; -3.0015'
LAST_MOVE_VAL2 = '25.172; -3; 2.99998'
LAST_MEAS_OBS_X = 63.74427112471986
LAST_MEAS_OBS_Y = 24.72604728282696
