# Configuration file for unit M00356.

#ID
POS_ID = 'M00356'
CAN_ID = 178
DEVICE_ID = -1
PETAL_ID = -1

# STATE
POS_T = 71.338557886933216
POS_P = 43.986708765432127
GENERAL_SETTINGS_FILE = '_genl_settings_DEFAULT.conf'

# CALIBRATION
LENGTH_R1 = 3.0145079336535132
LENGTH_R2 = 3.1046226997372397
OFFSET_T = -90.268447642487502
OFFSET_P = -6.4746927201159394
GEAR_CALIB_T = 1.0
GEAR_CALIB_P = 1.0
GEAR_TYPE_T = 'namiki'
GEAR_TYPE_P = 'namiki'
OFFSET_X = 75.544717488015309
OFFSET_Y = 16.618764843720108
PHYSICAL_RANGE_T = 390.96605138662733
PHYSICAL_RANGE_P = 190.0
MOTOR_CCW_DIR_T = -1
MOTOR_CCW_DIR_P = -1
MOTOR_ID_T = 1
MOTOR_ID_P = 0

# HISTORY
TOTAL_MOVE_SEQUENCES = 3641
TOTAL_CRUISE_MOVES_T = 982
TOTAL_CRUISE_MOVES_P = 951
TOTAL_CREEP_MOVES_T = 9815
TOTAL_CREEP_MOVES_P = 9846
TOTAL_LIMIT_SEEKS_T = 64
TOTAL_LIMIT_SEEKS_P = 75
LAST_PRIMARY_HARDSTOP_DIR_T = -1.0
LAST_PRIMARY_HARDSTOP_DIR_P = 1.0
LAST_MOVE_CMD = 'dXdY; (auto backlash backup); (auto final creep)'
LAST_MOVE_VAL1 = '3.92884e-05; 3; -3.00017'
LAST_MOVE_VAL2 = '0.00106466; -3; 3.00003'
LAST_MEAS_OBS_X = 81.34498065605729
LAST_MEAS_OBS_Y = 16.61877277842793
