# Template file for configuration of individual fiber positioner unit.

# ID
POS_ID = 'M00265'
CAN_ID = 204
DEVICE_ID = -1
PETAL_ID = -1

# STATE
POS_T = 104.67501276240426
POS_P = 34.133714823840094
GENERAL_SETTINGS_FILE = '_genl_settings_DEFAULT.conf'

# CALIBRATION
LENGTH_R1 = 2.9827400464180029
LENGTH_R2 = 3.0843034879632358
OFFSET_T = -117.84671402323384
OFFSET_P = 0.24394081566044967
GEAR_CALIB_T = 1.0
GEAR_CALIB_P = 1.0
GEAR_TYPE_T = 'namiki'
GEAR_TYPE_P = 'namiki'
OFFSET_X = 30.200303623683485
OFFSET_Y = 47.948999880244841
PHYSICAL_RANGE_T = 393.42949200605574
PHYSICAL_RANGE_P = 183.93596908256703
MOTOR_CCW_DIR_T = -1
MOTOR_CCW_DIR_P = -1
MOTOR_ID_T = 1
MOTOR_ID_P = 0

# HISTORY
TOTAL_MOVE_SEQUENCES = 2815
TOTAL_CRUISE_MOVES_T = 699
TOTAL_CRUISE_MOVES_P = 665
TOTAL_CREEP_MOVES_T = 7688
TOTAL_CREEP_MOVES_P = 7722
TOTAL_LIMIT_SEEKS_T = 30
TOTAL_LIMIT_SEEKS_P = 37
LAST_PRIMARY_HARDSTOP_DIR_T = -1.0
LAST_PRIMARY_HARDSTOP_DIR_P = 1.0
LAST_MOVE_CMD = 'dXdY; (auto backlash backup); (auto final creep)'
LAST_MOVE_VAL1 = '-0.000657099; 3; -3.00008'
LAST_MOVE_VAL2 = '-0.00456451; -3; 3.00005'
LAST_MEAS_OBS_X = 36.000493793985896
LAST_MEAS_OBS_Y = 47.949772900587305
