# Template file for configuration of individual fiber positioner unit.

# ID
POS_ID = 'M00252'
CAN_ID = 430
DEVICE_ID = -1
PETAL_ID = -1

# STATE
POS_T = -175.0000783990337
POS_P = -2.9998739992616734
GENERAL_SETTINGS_FILE = '_genl_settings_DEFAULT.conf'

# CALIBRATION
LENGTH_R1 = 3.0389172247470779
LENGTH_R2 = 3.0446312841908161
OFFSET_T = 174.82257564751248
OFFSET_P = 1.2941262168903336
GEAR_CALIB_T = 1.0
GEAR_CALIB_P = 1.0
GEAR_TYPE_T = 'namiki'
GEAR_TYPE_P = 'namiki'
OFFSET_X = 20.814468712906447
OFFSET_Y = 49.405241285589007
PHYSICAL_RANGE_T = 391.94875877337643
PHYSICAL_RANGE_P = 183.77827828980929
MOTOR_CCW_DIR_T = -1
MOTOR_CCW_DIR_P = -1
MOTOR_ID_T = 1
MOTOR_ID_P = 0

# HISTORY
TOTAL_MOVE_SEQUENCES = 7165
TOTAL_CRUISE_MOVES_T = 1875
TOTAL_CRUISE_MOVES_P = 1823
TOTAL_CREEP_MOVES_T = 19563
TOTAL_CREEP_MOVES_P = 19615
TOTAL_LIMIT_SEEKS_T = 30
TOTAL_LIMIT_SEEKS_P = 37
LAST_PRIMARY_HARDSTOP_DIR_T = -1.0
LAST_PRIMARY_HARDSTOP_DIR_P = 1.0
LAST_MOVE_CMD = 'posTP; (auto backlash backup); (auto final creep)'
LAST_MOVE_VAL1 = '185; 3; -3.00088'
LAST_MOVE_VAL2 = '-3; -3; -4.16393'
LAST_MEAS_OBS_X = 26.613865646245554
LAST_MEAS_OBS_Y = 49.42792414097532
