# Configuration file for unit M00356.

#ID
POS_ID = 'M00356'
CAN_ID = 178
DEVICE_ID = -1
PETAL_ID = -1

# STATE
POS_T = 72.293178384895654
POS_P = 44.061702962962926
GENERAL_SETTINGS_FILE = '_genl_settings_DEFAULT.conf'

# CALIBRATION
LENGTH_R1 = 3.0150533758142073
LENGTH_R2 = 3.1045580577280907
OFFSET_T = -91.211512459004453
OFFSET_P = -6.5100506479237623
GEAR_CALIB_T = 1.0
GEAR_CALIB_P = 1.0
GEAR_TYPE_T = 'namiki'
GEAR_TYPE_P = 'namiki'
OFFSET_X = 75.545545269305151
OFFSET_Y = 16.621038411228366
PHYSICAL_RANGE_T = 390.99065285983841
PHYSICAL_RANGE_P = 190.0
MOTOR_CCW_DIR_T = -1
MOTOR_CCW_DIR_P = -1
MOTOR_ID_T = 1
MOTOR_ID_P = 0

# HISTORY
TOTAL_MOVE_SEQUENCES = 4461
TOTAL_CRUISE_MOVES_T = 1252
TOTAL_CRUISE_MOVES_P = 1221
TOTAL_CREEP_MOVES_T = 11960
TOTAL_CREEP_MOVES_P = 11991
TOTAL_LIMIT_SEEKS_T = 84
TOTAL_LIMIT_SEEKS_P = 100
LAST_PRIMARY_HARDSTOP_DIR_T = -1.0
LAST_PRIMARY_HARDSTOP_DIR_P = 1.0
LAST_MOVE_CMD = 'dXdY; (auto backlash backup); (auto final creep)'
LAST_MOVE_VAL1 = '0.000153383; 3; -2.99999'
LAST_MOVE_VAL2 = '-0.0010714; -3; 3.00019'
LAST_MEAS_OBS_X = 81.34574840976481
LAST_MEAS_OBS_Y = 16.620333170462143
