# Template file for configuration of individual fiber positioner unit.

# ID
POS_ID = 'M00265'
CAN_ID = 204
DEVICE_ID = -1
PETAL_ID = -1

# STATE
POS_T = 101.87012732982089
POS_P = 33.114170622843567
GENERAL_SETTINGS_FILE = '_genl_settings_DEFAULT.conf'

# CALIBRATION
LENGTH_R1 = 2.9819271145173416
LENGTH_R2 = 3.0839705884233592
OFFSET_T = -117.07704647116392
OFFSET_P = 1.1743578012782478
GEAR_CALIB_T = 1.0
GEAR_CALIB_P = 1.0
GEAR_TYPE_T = 'namiki'
GEAR_TYPE_P = 'namiki'
OFFSET_X = 30.197422252145824
OFFSET_Y = 47.950170463089691
PHYSICAL_RANGE_T = 393.6888863280127
PHYSICAL_RANGE_P = 183.71484337760734
MOTOR_CCW_DIR_T = -1
MOTOR_CCW_DIR_P = -1
MOTOR_ID_T = 1
MOTOR_ID_P = 0

# HISTORY
TOTAL_MOVE_SEQUENCES = 2651
TOTAL_CRUISE_MOVES_T = 641
TOTAL_CRUISE_MOVES_P = 613
TOTAL_CREEP_MOVES_T = 7262
TOTAL_CREEP_MOVES_P = 7290
TOTAL_LIMIT_SEEKS_T = 26
TOTAL_LIMIT_SEEKS_P = 32
LAST_PRIMARY_HARDSTOP_DIR_T = -1.0
LAST_PRIMARY_HARDSTOP_DIR_P = 1.0
LAST_MOVE_CMD = 'dXdY; (auto backlash backup); (auto final creep)'
LAST_MOVE_VAL1 = '-0.00147214; 3; -3.00007'
LAST_MOVE_VAL2 = '0.0206366; -3; 3.00012'
LAST_MEAS_OBS_X = 35.99888051246996
LAST_MEAS_OBS_Y = 47.9468165956506
