# Template file for configuration of individual fiber positioner unit.

# ID
POS_ID = 'M00254'
CAN_ID = 261
DEVICE_ID = -1
PETAL_ID = -1

# STATE
POS_T = -148.88366667951675
POS_P = 41.465955185185237
GENERAL_SETTINGS_FILE = '_genl_settings_DEFAULT.conf'

# CALIBRATION
LENGTH_R1 = 3.0692813819394074
LENGTH_R2 = 3.0397659637849981
OFFSET_T = 127.22601008550262
OFFSET_P = -4.4359809656167215
GEAR_CALIB_T = 1.0
GEAR_CALIB_P = 1.0
GEAR_TYPE_T = 'namiki'
GEAR_TYPE_P = 'namiki'
OFFSET_X = 37.964859101098348
OFFSET_Y = 32.317159874779961
PHYSICAL_RANGE_T = 394.00106323557702
PHYSICAL_RANGE_P = 190.0
MOTOR_CCW_DIR_T = -1
MOTOR_CCW_DIR_P = -1
MOTOR_ID_T = 1
MOTOR_ID_P = 0

# HISTORY
TOTAL_MOVE_SEQUENCES = 2871
TOTAL_CRUISE_MOVES_T = 696
TOTAL_CRUISE_MOVES_P = 682
TOTAL_CREEP_MOVES_T = 7865
TOTAL_CREEP_MOVES_P = 7879
TOTAL_LIMIT_SEEKS_T = 27
TOTAL_LIMIT_SEEKS_P = 33
LAST_PRIMARY_HARDSTOP_DIR_T = -1.0
LAST_PRIMARY_HARDSTOP_DIR_P = 1.0
LAST_MOVE_CMD = 'dXdY; (auto backlash backup); (auto final creep)'
LAST_MOVE_VAL1 = '0.0118789; 3; -3.00007'
LAST_MOVE_VAL2 = '0.00502058; -3; 2.99998'
LAST_MEAS_OBS_X = 43.76352301654376
LAST_MEAS_OBS_Y = 32.208276023406675
