# Configuration file for unit M00116.
# Note this unit is one of the first 3 gamma prototypes

#ID
POS_ID = 'M00116'
CAN_ID = 116
DEVICE_ID = -1
PETAL_ID = -1

# STATE
POS_T = -125.83810743006246
POS_P = 45.71174225856102
GENERAL_SETTINGS_FILE = '_genl_settings_DEFAULT.conf'

# CALIBRATION
LENGTH_R1 = 2.9572943024737373
LENGTH_R2 = 3.0261635911622946
OFFSET_T = 103.65542837920354
OFFSET_P = -2.9896781946791013
GEAR_CALIB_T = 1.0
GEAR_CALIB_P = 1.0
GEAR_TYPE_T = 'namiki'
GEAR_TYPE_P = 'namiki'
OFFSET_X = 45.06985686225135
OFFSET_Y = 10.372761636060241
PHYSICAL_RANGE_T = 394.25102325518617
PHYSICAL_RANGE_P = 187.97882545134635
MOTOR_CCW_DIR_T = -1
MOTOR_CCW_DIR_P = -1
MOTOR_ID_T = 1
MOTOR_ID_P = 0

# HISTORY
TOTAL_MOVE_SEQUENCES = 2778
TOTAL_CRUISE_MOVES_T = 453
TOTAL_CRUISE_MOVES_P = 500
TOTAL_CREEP_MOVES_T = 7878
TOTAL_CREEP_MOVES_P = 7831
TOTAL_LIMIT_SEEKS_T = 10
TOTAL_LIMIT_SEEKS_P = 11
LAST_PRIMARY_HARDSTOP_DIR_T = -1.0
LAST_PRIMARY_HARDSTOP_DIR_P = 1.0
LAST_MOVE_CMD = 'dXdY; (auto backlash backup); (auto final creep)'
LAST_MOVE_VAL1 = '-0.000547969; 3; -2.99992'
LAST_MOVE_VAL2 = '0.000323239; -3; 3.00001'
LAST_MEAS_OBS_X = 50.67038952126205
LAST_MEAS_OBS_Y = 10.371627432850252
