# Configuration file for unit M00360.

#ID
POS_ID = 'M00360'
CAN_ID = 67
DEVICE_ID = -1
PETAL_ID = -1

# STATE
POS_T = 185.00009728858512
POS_P = -2.999997888782719
GENERAL_SETTINGS_FILE = '_genl_settings_DEFAULT.conf'

# CALIBRATION
LENGTH_R1 = 3.0573144770173806
LENGTH_R2 = 3.1726765926426843
OFFSET_T = -63.768005727643498
OFFSET_P = 6.0953983268622665
GEAR_CALIB_T = 1.0
GEAR_CALIB_P = 1.0
GEAR_TYPE_T = 'namiki'
GEAR_TYPE_P = 'namiki'
OFFSET_X = 66.437478241399177
OFFSET_Y = 48.889081259268075
PHYSICAL_RANGE_T = 393.96882764505165
PHYSICAL_RANGE_P = 183.40538285333076
MOTOR_CCW_DIR_T = -1
MOTOR_CCW_DIR_P = -1
MOTOR_ID_T = 1
MOTOR_ID_P = 0

# HISTORY
TOTAL_MOVE_SEQUENCES = 7622
TOTAL_CRUISE_MOVES_T = 3172
TOTAL_CRUISE_MOVES_P = 2786
TOTAL_CREEP_MOVES_T = 19566
TOTAL_CREEP_MOVES_P = 19952
TOTAL_LIMIT_SEEKS_T = 70
TOTAL_LIMIT_SEEKS_P = 85
LAST_PRIMARY_HARDSTOP_DIR_T = -1.0
LAST_PRIMARY_HARDSTOP_DIR_P = 1.0
LAST_MOVE_CMD = 'posTP; (auto backlash backup); (auto final creep)'
LAST_MOVE_VAL1 = '185; 3; -3.00372'
LAST_MOVE_VAL2 = '-3; -3; -4.16529'
LAST_MEAS_OBS_X = 72.5091410848071
LAST_MEAS_OBS_Y = 48.582888304227
