# Configuration file for unit M00335.

#ID
POS_ID = 'M00335'
CAN_ID = 176
DEVICE_ID = -1
PETAL_ID = -1

# STATE
POS_T = -179.99987113871549
POS_P = -2.9999719753087462
GENERAL_SETTINGS_FILE = '_genl_settings_DEFAULT.conf'

# CALIBRATION
LENGTH_R1 = 3.0091373045567691
LENGTH_R2 = 3.0870588628283429
OFFSET_T = -8.91709250104185
OFFSET_P = -7.6958727192116214
GEAR_CALIB_T = 1.0
GEAR_CALIB_P = 1.0
GEAR_TYPE_T = 'namiki'
GEAR_TYPE_P = 'namiki'
OFFSET_X = 67.895359202705819
OFFSET_Y = 31.981140379681836
PHYSICAL_RANGE_T = 393.57330054903542
PHYSICAL_RANGE_P = 190.0
MOTOR_CCW_DIR_T = -1
MOTOR_CCW_DIR_P = -1
MOTOR_ID_T = 1
MOTOR_ID_P = 0

# HISTORY
TOTAL_MOVE_SEQUENCES = 962
TOTAL_CRUISE_MOVES_T = 410
TOTAL_CRUISE_MOVES_P = 341
TOTAL_CREEP_MOVES_T = 2414
TOTAL_CREEP_MOVES_P = 2483
TOTAL_LIMIT_SEEKS_T = 37
TOTAL_LIMIT_SEEKS_P = 44
LAST_PRIMARY_HARDSTOP_DIR_T = -1.0
LAST_PRIMARY_HARDSTOP_DIR_P = 1.0
LAST_MOVE_CMD = 'posTP; (auto backlash backup); (auto final creep)'
LAST_MOVE_VAL1 = '180; 3; -3.00375'
LAST_MOVE_VAL2 = '-3; -3; -4.09862'
LAST_MEAS_OBS_X = 73.6942497913608
LAST_MEAS_OBS_Y = 31.982010146239954
