# Settings file for unit: M00391

POS_ID = 'M00391'
CAN_ID = 391
DEVICE_ID = -1
PETAL_ID = -1

# STATE
POS_T = 141.29128674644295
POS_P = 105.9800214023718
GENERAL_SETTINGS_FILE = '_genl_settings_DEFAULT.conf'

# CALIBRATION
LENGTH_R1 = 3.0115087435311727
LENGTH_R2 = 2.9275740739686396
OFFSET_T = -44.284280047266215
OFFSET_P = -1.450262906016587
GEAR_CALIB_T = 1.0
GEAR_CALIB_P = 1.0
GEAR_TYPE_T = 'namiki'
GEAR_TYPE_P = 'namiki'
OFFSET_X = 45.158974778038818
OFFSET_Y = 10.572721867513938
PHYSICAL_RANGE_T = 393.30531909970716
PHYSICAL_RANGE_P = 186.1894457362778
MOTOR_CCW_DIR_T = -1
MOTOR_CCW_DIR_P = -1
MOTOR_ID_T = 1
MOTOR_ID_P = 0

# HISTORY
TOTAL_MOVE_SEQUENCES = 1010
TOTAL_CRUISE_MOVES_T = 596
TOTAL_CRUISE_MOVES_P = 605
TOTAL_CREEP_MOVES_T = 2370
TOTAL_CREEP_MOVES_P = 2361
TOTAL_LIMIT_SEEKS_T = 47
TOTAL_LIMIT_SEEKS_P = 56
LAST_PRIMARY_HARDSTOP_DIR_T = -1.0
LAST_PRIMARY_HARDSTOP_DIR_P = 1.0
LAST_MOVE_CMD = 'dXdY; (auto backlash backup); (auto final creep)'
LAST_MOVE_VAL1 = '-0.000631696; 3; -3.00006'
LAST_MOVE_VAL2 = '3.83911e-05; -3; 3.0001'
LAST_MEAS_OBS_X = 42.0476221367894
LAST_MEAS_OBS_Y = 12.439564417056483
