# Configuration file for unit M00940.

#ID
POS_ID = 'M00940'
CAN_ID = 515
DEVICE_ID = -1
PETAL_ID = -1

# STATE
POS_T = 7.9982435636338778e-05
POS_P = 180.00004649505004
GENERAL_SETTINGS_FILE = '_genl_settings_DEFAULT.conf'

# CALIBRATION
LENGTH_R1 = 3.0251940566969844
LENGTH_R2 = 3.1440420702453955
OFFSET_T = -155.76894650776393
OFFSET_P = -4.5199458564151485
GEAR_CALIB_T = 1.0
GEAR_CALIB_P = 1.0
GEAR_TYPE_T = 'namiki'
GEAR_TYPE_P = 'namiki'
OFFSET_X = 38.385815331828603
OFFSET_Y = 32.31829909612604
PHYSICAL_RANGE_T = 394.00499707216625
PHYSICAL_RANGE_P = 189.43944501931711
MOTOR_CCW_DIR_T = -1
MOTOR_CCW_DIR_P = -1
MOTOR_ID_T = 1
MOTOR_ID_P = 0

# HISTORY
TOTAL_MOVE_SEQUENCES = 871
TOTAL_CRUISE_MOVES_T = 210
TOTAL_CRUISE_MOVES_P = 225
TOTAL_CREEP_MOVES_T = 2394
TOTAL_CREEP_MOVES_P = 2379
TOTAL_LIMIT_SEEKS_T = 10
TOTAL_LIMIT_SEEKS_P = 11
LAST_PRIMARY_HARDSTOP_DIR_T = -1.0
LAST_PRIMARY_HARDSTOP_DIR_P = 1.0
LAST_MOVE_CMD = 'posTP; (auto backlash backup); (auto final creep)'
LAST_MOVE_VAL1 = '0; 3; -2.9957'
LAST_MOVE_VAL2 = '180; -3; 2.99942'
LAST_MEAS_OBS_X = 44.185496729343754
LAST_MEAS_OBS_Y = 32.317760568877695
