# Template file for configuration of individual fiber positioner unit.

# ID
POS_ID = 'M00044'
CAN_ID = 44
DEVICE_ID = -1
PETAL_ID = -1

# STATE
POS_T = -62.794528515009759
POS_P = 145.08214765432103
GENERAL_SETTINGS_FILE = '_genl_settings_DEFAULT.conf'

# CALIBRATION
LENGTH_R1 = 2.9352950297353031
LENGTH_R2 = 3.0129073039049881
OFFSET_T = 61.529151959682515
OFFSET_P = -3.6884375207169171
GEAR_CALIB_T = 1.0
GEAR_CALIB_P = 1.0
GEAR_TYPE_T = 'namiki'
GEAR_TYPE_P = 'namiki'
OFFSET_X = 23.270118836413349
OFFSET_Y = 72.509802670401015
PHYSICAL_RANGE_T = 393.19134591890889
PHYSICAL_RANGE_P = 190.0
MOTOR_CCW_DIR_T = -1
MOTOR_CCW_DIR_P = -1
MOTOR_ID_T = 1
MOTOR_ID_P = 0

# HISTORY
TOTAL_MOVE_SEQUENCES = 7876
TOTAL_CRUISE_MOVES_T = 3394
TOTAL_CRUISE_MOVES_P = 2880
TOTAL_CREEP_MOVES_T = 20025
TOTAL_CREEP_MOVES_P = 20539
TOTAL_LIMIT_SEEKS_T = 138
TOTAL_LIMIT_SEEKS_P = 159
LAST_PRIMARY_HARDSTOP_DIR_T = -1.0
LAST_PRIMARY_HARDSTOP_DIR_P = 1.0
LAST_MOVE_CMD = 'obsXY; (auto backlash backup); (auto final creep)'
LAST_MOVE_VAL1 = '23.8923; 3; -3.00466'
LAST_MOVE_VAL2 = '74.3765; -3; 3.00064'
LAST_MEAS_OBS_X = 23.892089361462315
LAST_MEAS_OBS_Y = 73.13205083808423
