# Configuration file for unit M00323.

#ID
POS_ID = 'M00323'
CAN_ID = 88
DEVICE_ID = -1
PETAL_ID = -1

# STATE
POS_T = 180.00001643839687
POS_P = -2.999971975308668
GENERAL_SETTINGS_FILE = '_genl_settings_DEFAULT.conf'

# CALIBRATION
LENGTH_R1 = 3.0141695793339021
LENGTH_R2 = 3.0192446061387317
OFFSET_T = -98.570886886296918
OFFSET_P = -3.987253534649156
GEAR_CALIB_T = 1.0
GEAR_CALIB_P = 1.0
GEAR_TYPE_T = 'namiki'
GEAR_TYPE_P = 'namiki'
OFFSET_X = 60.53715364068475
OFFSET_Y = 16.207963417944473
PHYSICAL_RANGE_T = 394.33416169110762
PHYSICAL_RANGE_P = 190.0
MOTOR_CCW_DIR_T = -1
MOTOR_CCW_DIR_P = -1
MOTOR_ID_T = 1
MOTOR_ID_P = 0

# HISTORY
TOTAL_MOVE_SEQUENCES = 2491
TOTAL_CRUISE_MOVES_T = 504
TOTAL_CRUISE_MOVES_P = 532
TOTAL_CREEP_MOVES_T = 6943
TOTAL_CREEP_MOVES_P = 6915
TOTAL_LIMIT_SEEKS_T = 15
TOTAL_LIMIT_SEEKS_P = 18
LAST_PRIMARY_HARDSTOP_DIR_T = -1.0
LAST_PRIMARY_HARDSTOP_DIR_P = 1.0
LAST_MOVE_CMD = 'posTP; (auto backlash backup); (auto final creep)'
LAST_MOVE_VAL1 = '180; 3; -2.99534'
LAST_MOVE_VAL2 = '-3; -3; -4.10366'
LAST_MEAS_OBS_X = 66.33764318559662
LAST_MEAS_OBS_Y = 16.209835918835328
