# Template file for configuration of individual fiber positioner unit.

# ID
POS_ID = 'M00085'
CAN_ID = 85
DEVICE_ID = -1
PETAL_ID = -1

# STATE
POS_T = -101.07829783481368
POS_P = 86.130251966768554
GENERAL_SETTINGS_FILE = '_genl_settings_DEFAULT.conf'

# CALIBRATION
LENGTH_R1 = 3.0072394756998171
LENGTH_R2 = 3.0663832315321584
OFFSET_T = 155.09433003734827
OFFSET_P = 1.0359566548863341
GEAR_CALIB_T = 1.0
GEAR_CALIB_P = 1.0
GEAR_TYPE_T = 'namiki'
GEAR_TYPE_P = 'namiki'
OFFSET_X = 70.266080064422752
OFFSET_Y = 81.239105636011246
PHYSICAL_RANGE_T = 393.8250364103684
PHYSICAL_RANGE_P = 184.93248533867387
MOTOR_CCW_DIR_T = -1
MOTOR_CCW_DIR_P = -1
MOTOR_ID_T = 1
MOTOR_ID_P = 0

# HISTORY
TOTAL_MOVE_SEQUENCES = 3008
TOTAL_CRUISE_MOVES_T = 1263
TOTAL_CRUISE_MOVES_P = 1063
TOTAL_CREEP_MOVES_T = 7683
TOTAL_CREEP_MOVES_P = 7883
TOTAL_LIMIT_SEEKS_T = 46
TOTAL_LIMIT_SEEKS_P = 55
LAST_PRIMARY_HARDSTOP_DIR_T = -1.0
LAST_PRIMARY_HARDSTOP_DIR_P = 1.0
LAST_MOVE_CMD = 'obsXY; (auto backlash backup); (auto final creep)'
LAST_MOVE_VAL1 = '69.6439; 3; -3.00239'
LAST_MOVE_VAL2 = '85.5947; -3; 2.99993'
LAST_MEAS_OBS_X = 69.64382613644672
LAST_MEAS_OBS_Y = 84.3489807675699
