# Configuration file for unit M00442.

#ID
POS_ID = 'M00442'
CAN_ID = 461
DEVICE_ID = -1
PETAL_ID = -1

# STATE
POS_T = 179.99986218704262
POS_P = -2.9999719753087888
GENERAL_SETTINGS_FILE = '_genl_settings_DEFAULT.conf'

# CALIBRATION
LENGTH_R1 = 2.7875192957250268
LENGTH_R2 = 3.0750376755141757
OFFSET_T = -15.384534562537914
OFFSET_P = -5.6933297886131413
GEAR_CALIB_T = 1.0
GEAR_CALIB_P = 1.0
GEAR_TYPE_T = 'namiki'
GEAR_TYPE_P = 'namiki'
OFFSET_X = 60.851612694354785
OFFSET_Y = 16.264050373844359
PHYSICAL_RANGE_T = 393.89814031727281
PHYSICAL_RANGE_P = 190.0
MOTOR_CCW_DIR_T = -1
MOTOR_CCW_DIR_P = -1
MOTOR_ID_T = 1
MOTOR_ID_P = 0

# HISTORY
TOTAL_MOVE_SEQUENCES = 2659
TOTAL_CRUISE_MOVES_T = 595
TOTAL_CRUISE_MOVES_P = 600
TOTAL_CREEP_MOVES_T = 7348
TOTAL_CREEP_MOVES_P = 7343
TOTAL_LIMIT_SEEKS_T = 20
TOTAL_LIMIT_SEEKS_P = 24
LAST_PRIMARY_HARDSTOP_DIR_T = -1.0
LAST_PRIMARY_HARDSTOP_DIR_P = 1.0
LAST_MOVE_CMD = 'posTP; (auto backlash backup); (auto final creep)'
LAST_MOVE_VAL1 = '180; 3; -2.99548'
LAST_MOVE_VAL2 = '-3; -3; -4.10248'
LAST_MEAS_OBS_X = 66.65127403478851
LAST_MEAS_OBS_Y = 16.263594117881574
