# Configuration file for unit M00438.

#ID
POS_ID = 'M00438'
CAN_ID = 438
DEVICE_ID = -1
PETAL_ID = -1

# STATE
POS_T = 31.120374410105086
POS_P = 47.111565802469087
GENERAL_SETTINGS_FILE = '_genl_settings_DEFAULT.conf'

# CALIBRATION
LENGTH_R1 = 3.0811179465150182
LENGTH_R2 = 3.076811147476608
OFFSET_T = -51.052586172867294
OFFSET_P = -7.5699394742197796
GEAR_CALIB_T = 1.0
GEAR_CALIB_P = 1.0
GEAR_TYPE_T = 'namiki'
GEAR_TYPE_P = 'namiki'
OFFSET_X = 52.759728855020654
OFFSET_Y = 31.873400039419348
PHYSICAL_RANGE_T = 392.84169834028381
PHYSICAL_RANGE_P = 190.0
MOTOR_CCW_DIR_T = -1
MOTOR_CCW_DIR_P = -1
MOTOR_ID_T = 1
MOTOR_ID_P = 0

# HISTORY
TOTAL_MOVE_SEQUENCES = 2153
TOTAL_CRUISE_MOVES_T = 408
TOTAL_CRUISE_MOVES_P = 417
TOTAL_CREEP_MOVES_T = 6042
TOTAL_CREEP_MOVES_P = 6033
TOTAL_LIMIT_SEEKS_T = 5
TOTAL_LIMIT_SEEKS_P = 6
LAST_PRIMARY_HARDSTOP_DIR_T = -1.0
LAST_PRIMARY_HARDSTOP_DIR_P = 1.0
LAST_MOVE_CMD = 'dXdY; (auto backlash backup); (auto final creep)'
LAST_MOVE_VAL1 = '-0.00017095; 3; -3.00005'
LAST_MOVE_VAL2 = '-2.03178e-06; -3; 2.99998'
LAST_MEAS_OBS_X = 58.55951798513348
LAST_MEAS_OBS_Y = 31.873286240757576
