# Template file for configuration of individual fiber positioner unit.

# ID
POS_ID = 'M00238'
CAN_ID = 207
DEVICE_ID = -1
PETAL_ID = -1

# STATE
POS_T = -0.0001461906844610894
POS_P = 180.00013273966914
GENERAL_SETTINGS_FILE = '_genl_settings_DEFAULT.conf'

# CALIBRATION
LENGTH_R1 = 3.049873895968386
LENGTH_R2 = 2.9838113709679015
OFFSET_T = 164.23781990359828
OFFSET_P = 2.6530903103167844
GEAR_CALIB_T = 1.0
GEAR_CALIB_P = 1.0
GEAR_TYPE_T = 'namiki'
GEAR_TYPE_P = 'namiki'
OFFSET_X = 38.632593305671705
OFFSET_Y = 32.02505735841366
PHYSICAL_RANGE_T = 393.13456818383816
PHYSICAL_RANGE_P = 181.12331128461403
MOTOR_CCW_DIR_T = -1
MOTOR_CCW_DIR_P = -1
MOTOR_ID_T = 1
MOTOR_ID_P = 0

# HISTORY
TOTAL_MOVE_SEQUENCES = 125
TOTAL_CRUISE_MOVES_T = 69
TOTAL_CRUISE_MOVES_P = 61
TOTAL_CREEP_MOVES_T = 288
TOTAL_CREEP_MOVES_P = 296
TOTAL_LIMIT_SEEKS_T = 10
TOTAL_LIMIT_SEEKS_P = 12
LAST_PRIMARY_HARDSTOP_DIR_T = -1.0
LAST_PRIMARY_HARDSTOP_DIR_P = 1.0
LAST_MOVE_CMD = 'direct_dtdp; (auto backlash backup); (auto final creep)'
LAST_MOVE_VAL1 = '0; 0; 0'
LAST_MOVE_VAL2 = '10; -3; 3.00301'
LAST_MEAS_OBS_X = 38.603457453221395
LAST_MEAS_OBS_Y = 32.17680150486326
