# Configuration file for unit M00407.

#ID
POS_ID = 'M00407'
CAN_ID = 66
DEVICE_ID = -1
PETAL_ID = -1

# STATE
POS_T = 179.99987748251925
POS_P = -2.9999719753087106
GENERAL_SETTINGS_FILE = '_genl_settings_DEFAULT.conf'

# CALIBRATION
LENGTH_R1 = 3.0292437206118721
LENGTH_R2 = 3.0553338826056557
OFFSET_T = -51.392304557473921
OFFSET_P = -3.2678183541524817
GEAR_CALIB_T = 1.0
GEAR_CALIB_P = 1.0
GEAR_TYPE_T = 'namiki'
GEAR_TYPE_P = 'namiki'
OFFSET_X = 44.970953315369769
OFFSET_Y = 48.32288068902924
PHYSICAL_RANGE_T = 394.6278951584178
PHYSICAL_RANGE_P = 190.0
MOTOR_CCW_DIR_T = -1
MOTOR_CCW_DIR_P = -1
MOTOR_ID_T = 1
MOTOR_ID_P = 0

# HISTORY
TOTAL_MOVE_SEQUENCES = 3272
TOTAL_CRUISE_MOVES_T = 877
TOTAL_CRUISE_MOVES_P = 805
TOTAL_CREEP_MOVES_T = 8859
TOTAL_CREEP_MOVES_P = 8931
TOTAL_LIMIT_SEEKS_T = 46
TOTAL_LIMIT_SEEKS_P = 55
LAST_PRIMARY_HARDSTOP_DIR_T = -1.0
LAST_PRIMARY_HARDSTOP_DIR_P = 1.0
LAST_MOVE_CMD = 'posTP; (auto backlash backup); (auto final creep)'
LAST_MOVE_VAL1 = '180; 3; -3.00024'
LAST_MOVE_VAL2 = '-3; -3; -4.10455'
LAST_MEAS_OBS_X = 50.77083370525484
LAST_MEAS_OBS_Y = 48.32345543239274
