# Configuration file for unit M00443.

#ID
POS_ID = 'M00443'
CAN_ID = 201
DEVICE_ID = -1
PETAL_ID = -1

# STATE
POS_T = 124.19036241653534
POS_P = 39.3958633037686
GENERAL_SETTINGS_FILE = '_genl_settings_DEFAULT.conf'

# CALIBRATION
LENGTH_R1 = 3.0105743531428373
LENGTH_R2 = 3.1228975153541514
OFFSET_T = -143.92912666761137
OFFSET_P = -1.308414396667871
GEAR_CALIB_T = 1.0
GEAR_CALIB_P = 1.0
GEAR_TYPE_T = 'namiki'
GEAR_TYPE_P = 'namiki'
OFFSET_X = 61.480613265801892
OFFSET_Y = 16.587367793455545
PHYSICAL_RANGE_T = 392.83257788297908
PHYSICAL_RANGE_P = 187.21585493958418
MOTOR_CCW_DIR_T = -1
MOTOR_CCW_DIR_P = -1
MOTOR_ID_T = 1
MOTOR_ID_P = 0

# HISTORY
TOTAL_MOVE_SEQUENCES = 2284
TOTAL_CRUISE_MOVES_T = 506
TOTAL_CRUISE_MOVES_P = 511
TOTAL_CREEP_MOVES_T = 6321
TOTAL_CREEP_MOVES_P = 6316
TOTAL_LIMIT_SEEKS_T = 14
TOTAL_LIMIT_SEEKS_P = 17
LAST_PRIMARY_HARDSTOP_DIR_T = -1.0
LAST_PRIMARY_HARDSTOP_DIR_P = 1.0
LAST_MOVE_CMD = 'dXdY; (auto backlash backup); (auto final creep)'
LAST_MOVE_VAL1 = '-0.000357135; 3; -2.99992'
LAST_MOVE_VAL2 = '-0.000159159; -3; 3.00002'
LAST_MEAS_OBS_X = 67.28019455505031
LAST_MEAS_OBS_Y = 16.587115626097926
