# Template file for configuration of individual fiber positioner unit.

# ID
POS_ID = 'M00058'
CAN_ID = 358
DEVICE_ID = -1
PETAL_ID = -1

# STATE
POS_T = -156.07203592096394
POS_P = 56.800673116233725
GENERAL_SETTINGS_FILE = '_genl_settings_DEFAULT.conf'

# CALIBRATION
LENGTH_R1 = 3.0280371781738866
LENGTH_R2 = 3.0230804658209114
OFFSET_T = 163.18028069743502
OFFSET_P = -1.1402904343069558
GEAR_CALIB_T = 1.0
GEAR_CALIB_P = 1.0
GEAR_TYPE_T = 'namiki'
GEAR_TYPE_P = 'namiki'
OFFSET_X = 44.691301100153694
OFFSET_Y = 31.05603136475099
PHYSICAL_RANGE_T = 394.05242789131154
PHYSICAL_RANGE_P = 184.27104978694246
MOTOR_CCW_DIR_T = -1
MOTOR_CCW_DIR_P = -1
MOTOR_ID_T = 1
MOTOR_ID_P = 0

# HISTORY
TOTAL_MOVE_SEQUENCES = 5069
TOTAL_CRUISE_MOVES_T = 1715
TOTAL_CRUISE_MOVES_P = 1710
TOTAL_CREEP_MOVES_T = 13352
TOTAL_CREEP_MOVES_P = 13357
TOTAL_LIMIT_SEEKS_T = 95
TOTAL_LIMIT_SEEKS_P = 113
LAST_PRIMARY_HARDSTOP_DIR_T = -1.0
LAST_PRIMARY_HARDSTOP_DIR_P = 1.0
LAST_MOVE_CMD = 'dXdY; (auto backlash backup); (auto final creep)'
LAST_MOVE_VAL1 = '0.000537717; 3; -3.00006'
LAST_MOVE_VAL2 = '-0.000393026; -3; 3.0002'
LAST_MEAS_OBS_X = 49.04773765232001
LAST_MEAS_OBS_Y = 34.16696192634685
