# Template file for configuration of individual fiber positioner unit.

# ID
POS_ID = 'M00214'
CAN_ID = 214
DEVICE_ID = -1
PETAL_ID = -1

# STATE
POS_T = -121.92990950217744
POS_P = 85.739804013419587
GENERAL_SETTINGS_FILE = '_genl_settings_DEFAULT.conf'

# CALIBRATION
LENGTH_R1 = 2.9974921740349498
LENGTH_R2 = 3.0140223468509766
OFFSET_T = 176.95826287062604
OFFSET_P = 0.17020428713203728
GEAR_CALIB_T = 1.0
GEAR_CALIB_P = 1.0
GEAR_TYPE_T = 'namiki'
GEAR_TYPE_P = 'namiki'
OFFSET_X = 86.067157728064643
OFFSET_Y = 43.53712399819657
PHYSICAL_RANGE_T = 393.30682295497263
PHYSICAL_RANGE_P = 184.88212002851961
MOTOR_CCW_DIR_T = -1
MOTOR_CCW_DIR_P = -1
MOTOR_ID_T = 1
MOTOR_ID_P = 0

# HISTORY
TOTAL_MOVE_SEQUENCES = 5189
TOTAL_CRUISE_MOVES_T = 1692
TOTAL_CRUISE_MOVES_P = 1623
TOTAL_CREEP_MOVES_T = 13804
TOTAL_CREEP_MOVES_P = 13873
TOTAL_LIMIT_SEEKS_T = 57
TOTAL_LIMIT_SEEKS_P = 67
LAST_PRIMARY_HARDSTOP_DIR_T = -1.0
LAST_PRIMARY_HARDSTOP_DIR_P = 1.0
LAST_MOVE_CMD = 'obsXY; (auto backlash backup); (auto final creep)'
LAST_MOVE_VAL1 = '85.4449; 3; -2.99912'
LAST_MOVE_VAL2 = '47.8927; -3; 3.00008'
LAST_MEAS_OBS_X = 85.44548127964882
LAST_MEAS_OBS_Y = 46.64942661320792
