# Configuration file for unit M00357.

#ID
POS_ID = 'M00357'
CAN_ID = 21
DEVICE_ID = -1
PETAL_ID = -1

# STATE
POS_T = 179.99985615393422
POS_P = -3.0001093046155418
GENERAL_SETTINGS_FILE = '_genl_settings_DEFAULT.conf'

# CALIBRATION
LENGTH_R1 = 3.0406877921135256
LENGTH_R2 = 3.0957908821297959
OFFSET_T = -29.71747141432871
OFFSET_P = -3.5019449485754137
GEAR_CALIB_T = 1.0
GEAR_CALIB_P = 1.0
GEAR_TYPE_T = 'namiki'
GEAR_TYPE_P = 'namiki'
OFFSET_X = 37.821660611352762
OFFSET_Y = 31.649021550067115
PHYSICAL_RANGE_T = 395.74959016126752
PHYSICAL_RANGE_P = 190.2064568690129
MOTOR_CCW_DIR_T = -1
MOTOR_CCW_DIR_P = -1
MOTOR_ID_T = 1
MOTOR_ID_P = 0

# HISTORY
TOTAL_MOVE_SEQUENCES = 3273
TOTAL_CRUISE_MOVES_T = 872
TOTAL_CRUISE_MOVES_P = 819
TOTAL_CREEP_MOVES_T = 8869
TOTAL_CREEP_MOVES_P = 8922
TOTAL_LIMIT_SEEKS_T = 46
TOTAL_LIMIT_SEEKS_P = 55
LAST_PRIMARY_HARDSTOP_DIR_T = -1.0
LAST_PRIMARY_HARDSTOP_DIR_P = 1.0
LAST_MOVE_CMD = 'posTP; (auto backlash backup); (auto final creep)'
LAST_MOVE_VAL1 = '180; 3; -2.99636'
LAST_MOVE_VAL2 = '-3; -3; -4.09374'
LAST_MEAS_OBS_X = 43.6214576459982
LAST_MEAS_OBS_Y = 31.652198610119857
