# Template file for configuration of individual fiber positioner unit.

# ID
POS_ID = 'M00048'
CAN_ID = 48
DEVICE_ID = -1
PETAL_ID = -1

# STATE
POS_T = 189.01910097737397
POS_P = 106.99991629629628
GENERAL_SETTINGS_FILE = '_genl_settings_DEFAULT.conf'

# CALIBRATION
LENGTH_R1 = 2.9480724304483177
LENGTH_R2 = 3.0197270643603509
OFFSET_T = -107.56186329456872
OFFSET_P = -13.644290566650653
GEAR_CALIB_T = 1.0
GEAR_CALIB_P = 1.0
GEAR_TYPE_T = 'namiki'
GEAR_TYPE_P = 'namiki'
OFFSET_X = 86.124244059029252
OFFSET_Y = 73.494763753492521
PHYSICAL_RANGE_T = 396.03814100821523
PHYSICAL_RANGE_P = 190.0
MOTOR_CCW_DIR_T = -1
MOTOR_CCW_DIR_P = -1
MOTOR_ID_T = 1
MOTOR_ID_P = 0

# HISTORY
TOTAL_MOVE_SEQUENCES = 43
TOTAL_CRUISE_MOVES_T = 30
TOTAL_CRUISE_MOVES_P = 18
TOTAL_CREEP_MOVES_T = 90
TOTAL_CREEP_MOVES_P = 102
TOTAL_LIMIT_SEEKS_T = 4
TOTAL_LIMIT_SEEKS_P = 5
LAST_PRIMARY_HARDSTOP_DIR_T = -1.0
LAST_PRIMARY_HARDSTOP_DIR_P = 1.0
LAST_MOVE_CMD = 'posTP; (auto backlash backup); (auto final creep)'
LAST_MOVE_VAL1 = '189.019; 3; -3.00395'
LAST_MOVE_VAL2 = '107; -0; 8.37037e-05'
LAST_MEAS_OBS_X = 84.39332967522309
LAST_MEAS_OBS_Y = 76.83831520314041
