# Template file for configuration of individual fiber positioner unit.

# ID
POS_ID = 'M00015'
CAN_ID = 1015
DEVICE_ID = -1
PETAL_ID = -1

# STATE
POS_T = -194.4636666056595
POS_P = 181.27525072012327
GENERAL_SETTINGS_FILE = '_genl_settings_DEFAULT.conf'

# CALIBRATION
LENGTH_R1 = 3.044708493165798
LENGTH_R2 = 3.04796112421358
OFFSET_T = -106.87992967481172
OFFSET_P = -1.2981377310054825
GEAR_CALIB_T = 1.0
GEAR_CALIB_P = 1.0
GEAR_TYPE_T = 'namiki'
GEAR_TYPE_P = 'namiki'
OFFSET_X = 58.12091734997077
OFFSET_Y = 54.147318356761566
PHYSICAL_RANGE_T = 394.927333211319
PHYSICAL_RANGE_P = 186.1366168890134
MOTOR_CCW_DIR_T = -1
MOTOR_CCW_DIR_P = -1
MOTOR_ID_T = 1
MOTOR_ID_P = 0

# HISTORY
TOTAL_MOVE_SEQUENCES = 60482
TOTAL_CRUISE_MOVES_T = 46409
TOTAL_CRUISE_MOVES_P = 46202
TOTAL_CREEP_MOVES_T = 113335
TOTAL_CREEP_MOVES_P = 113542
TOTAL_LIMIT_SEEKS_T = 21600
TOTAL_LIMIT_SEEKS_P = 21618
LAST_PRIMARY_HARDSTOP_DIR_T = -1.0
LAST_PRIMARY_HARDSTOP_DIR_P = 1.0
LAST_MOVE_CMD = 'P limit seek; T limit seek; debounce direct_dtdp; debounce direct_dtdp'
LAST_MOVE_VAL1 = '0; -1; 3; 3'
LAST_MOVE_VAL2 = '1; 0; -3; -3'
LAST_MEAS_OBS_X = 63.92295169760754
LAST_MEAS_OBS_Y = 54.138244257873474
