# Template file for configuration of individual fiber positioner unit.

# ID
POS_ID = 'M00264'
CAN_ID = 286
DEVICE_ID = -1
PETAL_ID = -1

# STATE
POS_T = -24.872923774055575
POS_P = 35.498136296296266
GENERAL_SETTINGS_FILE = '_genl_settings_DEFAULT.conf'

# CALIBRATION
LENGTH_R1 = 3.0427822846676866
LENGTH_R2 = 2.949750326690963
OFFSET_T = 10.318110930237562
OFFSET_P = -5.7402835386419326
GEAR_CALIB_T = 1.0
GEAR_CALIB_P = 1.0
GEAR_TYPE_T = 'namiki'
GEAR_TYPE_P = 'namiki'
OFFSET_X = 67.946827611127688
OFFSET_Y = 32.044239902088151
PHYSICAL_RANGE_T = 392.55516335058076
PHYSICAL_RANGE_P = 190.0
MOTOR_CCW_DIR_T = -1
MOTOR_CCW_DIR_P = -1
MOTOR_ID_T = 1
MOTOR_ID_P = 0

# HISTORY
TOTAL_MOVE_SEQUENCES = 3702
TOTAL_CRUISE_MOVES_T = 936
TOTAL_CRUISE_MOVES_P = 948
TOTAL_CREEP_MOVES_T = 10071
TOTAL_CREEP_MOVES_P = 10059
TOTAL_LIMIT_SEEKS_T = 48
TOTAL_LIMIT_SEEKS_P = 59
LAST_PRIMARY_HARDSTOP_DIR_T = -1.0
LAST_PRIMARY_HARDSTOP_DIR_P = 1.0
LAST_MOVE_CMD = 'dXdY; (auto backlash backup); (auto final creep)'
LAST_MOVE_VAL1 = '-0.000758714; 3; -3.00006'
LAST_MOVE_VAL2 = '0.000769036; -3; 2.99993'
LAST_MEAS_OBS_X = 73.74686884918832
LAST_MEAS_OBS_Y = 32.042589872819384
