# Template file for configuration of individual fiber positioner unit.

# ID
POS_ID = 'M00231'
CAN_ID = 373
DEVICE_ID = -1
PETAL_ID = -1

# STATE
POS_T = -0.00012766858648660673
POS_P = 180.00013062887723
GENERAL_SETTINGS_FILE = '_genl_settings_DEFAULT.conf'

# CALIBRATION
LENGTH_R1 = 3.0271818273898368
LENGTH_R2 = 2.998468444332482
OFFSET_T = -99.57201327775833
OFFSET_P = -2.3335110168312063
GEAR_CALIB_T = 1.0
GEAR_CALIB_P = 1.0
GEAR_TYPE_T = 'namiki'
GEAR_TYPE_P = 'namiki'
OFFSET_X = 23.253768631483172
OFFSET_Y = 32.13138119222566
PHYSICAL_RANGE_T = 394.60299459643227
PHYSICAL_RANGE_P = 186.28819878961286
MOTOR_CCW_DIR_T = -1
MOTOR_CCW_DIR_P = -1
MOTOR_ID_T = 1
MOTOR_ID_P = 0

# HISTORY
TOTAL_MOVE_SEQUENCES = 125
TOTAL_CRUISE_MOVES_T = 69
TOTAL_CRUISE_MOVES_P = 64
TOTAL_CREEP_MOVES_T = 288
TOTAL_CREEP_MOVES_P = 293
TOTAL_LIMIT_SEEKS_T = 10
TOTAL_LIMIT_SEEKS_P = 12
LAST_PRIMARY_HARDSTOP_DIR_T = -1.0
LAST_PRIMARY_HARDSTOP_DIR_P = 1.0
LAST_MOVE_CMD = 'direct_dtdp; (auto backlash backup); (auto final creep)'
LAST_MOVE_VAL1 = '0; 0; 0'
LAST_MOVE_VAL2 = '10; -3; 3.00301'
LAST_MEAS_OBS_X = 23.368960151492413
LAST_MEAS_OBS_Y = 32.08031550888106
