# Template file for configuration of individual fiber positioner unit.

# ID
POS_ID = 'M00105'
CAN_ID = 105
DEVICE_ID = -1
PETAL_ID = -1

# STATE
POS_T = 188.13716635734028
POS_P = 106.99991629629628
GENERAL_SETTINGS_FILE = '_genl_settings_DEFAULT.conf'

# CALIBRATION
LENGTH_R1 = 2.956537659289443
LENGTH_R2 = 3.1275722447542784
OFFSET_T = -52.428676942624108
OFFSET_P = -16.247042067646049
GEAR_CALIB_T = 1.0
GEAR_CALIB_P = 1.0
GEAR_TYPE_T = 'namiki'
GEAR_TYPE_P = 'namiki'
OFFSET_X = 70.364934650201718
OFFSET_Y = 51.468461847601716
PHYSICAL_RANGE_T = 394.27461518655412
PHYSICAL_RANGE_P = 190.0
MOTOR_CCW_DIR_T = -1
MOTOR_CCW_DIR_P = -1
MOTOR_ID_T = 1
MOTOR_ID_P = 0

# HISTORY
TOTAL_MOVE_SEQUENCES = 43
TOTAL_CRUISE_MOVES_T = 30
TOTAL_CRUISE_MOVES_P = 18
TOTAL_CREEP_MOVES_T = 90
TOTAL_CREEP_MOVES_P = 102
TOTAL_LIMIT_SEEKS_T = 4
TOTAL_LIMIT_SEEKS_P = 5
LAST_PRIMARY_HARDSTOP_DIR_T = -1.0
LAST_PRIMARY_HARDSTOP_DIR_P = 1.0
LAST_MOVE_CMD = 'posTP; (auto backlash backup); (auto final creep)'
LAST_MOVE_VAL1 = '188.137; 3; -2.99696'
LAST_MOVE_VAL2 = '107; -0; 8.37037e-05'
LAST_MEAS_OBS_X = 66.43071787658887
LAST_MEAS_OBS_Y = 52.10073934287219
