# Configuration file for unit M00334.

#ID
POS_ID = 'M00334'
CAN_ID = 53
DEVICE_ID = -1
PETAL_ID = -1

# STATE
POS_T = 179.9999998604053
POS_P = -3.0000468967788478
GENERAL_SETTINGS_FILE = '_genl_settings_DEFAULT.conf'

# CALIBRATION
LENGTH_R1 = 3.0029101037554891
LENGTH_R2 = 3.1430506338274058
OFFSET_T = -170.4384328447137
OFFSET_P = -3.2355664016487111
GEAR_CALIB_T = 1.0
GEAR_CALIB_P = 1.0
GEAR_TYPE_T = 'namiki'
GEAR_TYPE_P = 'namiki'
OFFSET_X = 45.29566257732354
OFFSET_Y = 16.172232393975101
PHYSICAL_RANGE_T = 392.71337163721421
PHYSICAL_RANGE_P = 183.64815801672177
MOTOR_CCW_DIR_T = -1
MOTOR_CCW_DIR_P = -1
MOTOR_ID_T = 1
MOTOR_ID_P = 0

# HISTORY
TOTAL_MOVE_SEQUENCES = 2491
TOTAL_CRUISE_MOVES_T = 609
TOTAL_CRUISE_MOVES_P = 592
TOTAL_CREEP_MOVES_T = 6841
TOTAL_CREEP_MOVES_P = 6858
TOTAL_LIMIT_SEEKS_T = 15
TOTAL_LIMIT_SEEKS_P = 18
LAST_PRIMARY_HARDSTOP_DIR_T = -1.0
LAST_PRIMARY_HARDSTOP_DIR_P = 1.0
LAST_MOVE_CMD = 'posTP; (auto backlash backup); (auto final creep)'
LAST_MOVE_VAL1 = '180; 3; -3.00066'
LAST_MOVE_VAL2 = '-3; -3; -4.16524'
LAST_MEAS_OBS_X = 51.095198117388136
LAST_MEAS_OBS_Y = 16.17263129211507
