# Settings file for unit: M00390

POS_ID = 'M00390'
CAN_ID = 39
DEVICE_ID = -1
PETAL_ID = -1

# STATE
POS_T = 168.68386776244688
POS_P = 88.991114964778902
GENERAL_SETTINGS_FILE = '_genl_settings_DEFAULT.conf'

# CALIBRATION
LENGTH_R1 = 2.9301362190485007
LENGTH_R2 = 3.092871949303492
OFFSET_T = -115.0932936867692
OFFSET_P = -2.8076751266079754
GEAR_CALIB_T = 1.0
GEAR_CALIB_P = 1.0
GEAR_TYPE_T = 'namiki'
GEAR_TYPE_P = 'namiki'
OFFSET_X = 85.995465584800712
OFFSET_Y = 28.934474546746493
PHYSICAL_RANGE_T = 395.41140743806966
PHYSICAL_RANGE_P = 186.41050944191412
MOTOR_CCW_DIR_T = -1
MOTOR_CCW_DIR_P = -1
MOTOR_ID_T = 1
MOTOR_ID_P = 0

# HISTORY
TOTAL_MOVE_SEQUENCES = 4863
TOTAL_CRUISE_MOVES_T = 2139
TOTAL_CRUISE_MOVES_P = 1993
TOTAL_CREEP_MOVES_T = 12303
TOTAL_CREEP_MOVES_P = 12449
TOTAL_LIMIT_SEEKS_T = 104
TOTAL_LIMIT_SEEKS_P = 122
LAST_PRIMARY_HARDSTOP_DIR_T = -1.0
LAST_PRIMARY_HARDSTOP_DIR_P = 1.0
LAST_MOVE_CMD = 'obsXY; (auto backlash backup); (auto final creep)'
LAST_MOVE_VAL1 = '85.3732; 3; -3.0043'
LAST_MOVE_VAL2 = '33.29; -3; 2.99999'
LAST_MEAS_OBS_X = 85.37334060880319
LAST_MEAS_OBS_Y = 32.04549375919635
