# Configuration file for unit M00668.

#ID
POS_ID = 'M00668'
CAN_ID = 466
DEVICE_ID = -1
PETAL_ID = -1

# STATE
POS_T = -116.04840497827507
POS_P = 87.3470664636273
GENERAL_SETTINGS_FILE = '_genl_settings_DEFAULT.conf'

# CALIBRATION
LENGTH_R1 = 3.0236312139426755
LENGTH_R2 = 3.1196371425481555
OFFSET_T = 170.42214881492615
OFFSET_P = 1.2954819844930512
GEAR_CALIB_T = 1.0
GEAR_CALIB_P = 1.0
GEAR_TYPE_T = 'namiki'
GEAR_TYPE_P = 'namiki'
OFFSET_X = 23.327327887245715
OFFSET_Y = 32.317447608219723
PHYSICAL_RANGE_T = 393.46818773432813
PHYSICAL_RANGE_P = 188.75541343750845
MOTOR_CCW_DIR_T = -1
MOTOR_CCW_DIR_P = -1
MOTOR_ID_T = 1
MOTOR_ID_P = 0

# HISTORY
TOTAL_MOVE_SEQUENCES = 407
TOTAL_CRUISE_MOVES_T = 106
TOTAL_CRUISE_MOVES_P = 101
TOTAL_CREEP_MOVES_T = 1106
TOTAL_CREEP_MOVES_P = 1111
TOTAL_LIMIT_SEEKS_T = 4
TOTAL_LIMIT_SEEKS_P = 5
LAST_PRIMARY_HARDSTOP_DIR_T = -1.0
LAST_PRIMARY_HARDSTOP_DIR_P = 1.0
LAST_MOVE_CMD = 'dXdY; (auto backlash backup); (auto final creep)'
LAST_MOVE_VAL1 = '-0.00100191; 3; -2.99999'
LAST_MOVE_VAL2 = '-0.002336; -3; 2.99995'
LAST_MEAS_OBS_X = 22.60332979668616
LAST_MEAS_OBS_Y = 36.66978360634471
