# Configuration file for unit M00407.

#ID
POS_ID = 'M00407'
CAN_ID = 66
DEVICE_ID = -1
PETAL_ID = -1

# STATE
POS_T = 184.99994199245612
POS_P = -2.9999719753087328
GENERAL_SETTINGS_FILE = '_genl_settings_DEFAULT.conf'

# CALIBRATION
LENGTH_R1 = 3.0840336967812023
LENGTH_R2 = 3.0907977304384655
OFFSET_T = -71.859844047066915
OFFSET_P = -2.4885036832149012
GEAR_CALIB_T = 1.0
GEAR_CALIB_P = 1.0
GEAR_TYPE_T = 'namiki'
GEAR_TYPE_P = 'namiki'
OFFSET_X = 50.878551668842952
OFFSET_Y = 48.495633663018026
PHYSICAL_RANGE_T = 396.09446786693928
PHYSICAL_RANGE_P = 190.0
MOTOR_CCW_DIR_T = -1
MOTOR_CCW_DIR_P = -1
MOTOR_ID_T = 1
MOTOR_ID_P = 0

# HISTORY
TOTAL_MOVE_SEQUENCES = 7622
TOTAL_CRUISE_MOVES_T = 3073
TOTAL_CRUISE_MOVES_P = 3092
TOTAL_CREEP_MOVES_T = 19659
TOTAL_CREEP_MOVES_P = 19640
TOTAL_LIMIT_SEEKS_T = 70
TOTAL_LIMIT_SEEKS_P = 85
LAST_PRIMARY_HARDSTOP_DIR_T = -1.0
LAST_PRIMARY_HARDSTOP_DIR_P = 1.0
LAST_MOVE_CMD = 'posTP; (auto backlash backup); (auto final creep)'
LAST_MOVE_VAL1 = '185; 3; -3.00416'
LAST_MOVE_VAL2 = '-3; -3; -4.09981'
LAST_MEAS_OBS_X = 56.92422737320455
LAST_MEAS_OBS_Y = 48.536735720222865
