# Template file for configuration of individual fiber positioner unit.

# ID
POS_ID = 'M00063'
CAN_ID = 63
DEVICE_ID = -1
PETAL_ID = -1

# STATE
POS_T = -0.00010489194025353754
POS_P = 179.99998593460947
GENERAL_SETTINGS_FILE = '_genl_settings_DEFAULT.conf'

# CALIBRATION
LENGTH_R1 = 2.8576133848802878
LENGTH_R2 = 2.9614123937513477
OFFSET_T = 171.39267544951412
OFFSET_P = 0.0
GEAR_CALIB_T = 1.0
GEAR_CALIB_P = 1.0
GEAR_TYPE_T = 'namiki'
GEAR_TYPE_P = 'namiki'
OFFSET_X = 79.831820560159031
OFFSET_Y = 8.5046196605963438
PHYSICAL_RANGE_T = 394.1903327468435
PHYSICAL_RANGE_P = 186.01109478368085
MOTOR_CCW_DIR_T = -1
MOTOR_CCW_DIR_P = -1
MOTOR_ID_T = 1
MOTOR_ID_P = 0

# HISTORY
TOTAL_MOVE_SEQUENCES = 7400
TOTAL_CRUISE_MOVES_T = 1999
TOTAL_CRUISE_MOVES_P = 2247
TOTAL_CREEP_MOVES_T = 20109
TOTAL_CREEP_MOVES_P = 19861
TOTAL_LIMIT_SEEKS_T = 62
TOTAL_LIMIT_SEEKS_P = 73
LAST_PRIMARY_HARDSTOP_DIR_T = -1.0
LAST_PRIMARY_HARDSTOP_DIR_P = 1.0
LAST_MOVE_CMD = 'direct_dtdp; (auto backlash backup); (auto final creep)'
LAST_MOVE_VAL1 = '0; 0; 0'
LAST_MOVE_VAL2 = '10; -3; 3.00301'
LAST_MEAS_OBS_X = 85.4318447127659
LAST_MEAS_OBS_Y = 8.502900199642026
