# Template file for configuration of individual fiber positioner unit.

# ID
POS_ID = 'M00264'
CAN_ID = 286
DEVICE_ID = -1
PETAL_ID = -1

# STATE
POS_T = -25.694073441991165
POS_P = 35.550009753086371
GENERAL_SETTINGS_FILE = '_genl_settings_DEFAULT.conf'

# CALIBRATION
LENGTH_R1 = 3.0413351752970184
LENGTH_R2 = 2.9495913583716726
OFFSET_T = 11.13599698689578
OFFSET_P = -5.7972017895597503
GEAR_CALIB_T = 1.0
GEAR_CALIB_P = 1.0
GEAR_TYPE_T = 'namiki'
GEAR_TYPE_P = 'namiki'
OFFSET_X = 67.94052028487647
OFFSET_Y = 32.044371572390133
PHYSICAL_RANGE_T = 392.79421157534017
PHYSICAL_RANGE_P = 190.0
MOTOR_CCW_DIR_T = -1
MOTOR_CCW_DIR_P = -1
MOTOR_ID_T = 1
MOTOR_ID_P = 0

# HISTORY
TOTAL_MOVE_SEQUENCES = 2554
TOTAL_CRUISE_MOVES_T = 551
TOTAL_CRUISE_MOVES_P = 570
TOTAL_CREEP_MOVES_T = 7076
TOTAL_CREEP_MOVES_P = 7057
TOTAL_LIMIT_SEEKS_T = 20
TOTAL_LIMIT_SEEKS_P = 24
LAST_PRIMARY_HARDSTOP_DIR_T = -1.0
LAST_PRIMARY_HARDSTOP_DIR_P = 1.0
LAST_MOVE_CMD = 'dXdY; (auto backlash backup); (auto final creep)'
LAST_MOVE_VAL1 = '-0.00106552; 3; -3.00007'
LAST_MOVE_VAL2 = '0.00354481; -3; 3.00011'
LAST_MEAS_OBS_X = 73.74008666038523
LAST_MEAS_OBS_Y = 32.04390486398022
