# Template file for configuration of individual fiber positioner unit.

# ID
POS_ID = 'M00183'
CAN_ID = 120
DEVICE_ID = -1
PETAL_ID = -1

# STATE
POS_T = 4.6991116952509238
POS_P = 43.791368148148308
GENERAL_SETTINGS_FILE = '_genl_settings_DEFAULT.conf'

# CALIBRATION
LENGTH_R1 = 3.0166668667916277
LENGTH_R2 = 3.1171709547813777
OFFSET_T = -24.275817034416235
OFFSET_P = -5.585798109217933
GEAR_CALIB_T = 1.0
GEAR_CALIB_P = 1.0
GEAR_TYPE_T = 'namiki'
GEAR_TYPE_P = 'namiki'
OFFSET_X = 64.113640329046476
OFFSET_Y = 47.939664001126701
PHYSICAL_RANGE_T = 392.6132311773988
PHYSICAL_RANGE_P = 190.0
MOTOR_CCW_DIR_T = -1
MOTOR_CCW_DIR_P = -1
MOTOR_ID_T = 1
MOTOR_ID_P = 0

# HISTORY
TOTAL_MOVE_SEQUENCES = 4481
TOTAL_CRUISE_MOVES_T = 901
TOTAL_CRUISE_MOVES_P = 927
TOTAL_CREEP_MOVES_T = 12509
TOTAL_CREEP_MOVES_P = 12483
TOTAL_LIMIT_SEEKS_T = 30
TOTAL_LIMIT_SEEKS_P = 34
LAST_PRIMARY_HARDSTOP_DIR_T = -1.0
LAST_PRIMARY_HARDSTOP_DIR_P = 1.0
LAST_MOVE_CMD = 'dXdY; (auto backlash backup); (auto final creep)'
LAST_MOVE_VAL1 = '-0.000737613; 3; -3.00018'
LAST_MOVE_VAL2 = '-0.00036031; -3; 3.00006'
LAST_MEAS_OBS_X = 69.91381817087702
LAST_MEAS_OBS_Y = 47.939650712161814
