# Configuration file for unit M00383.

#ID
POS_ID = 'M00383'
CAN_ID = 383
DEVICE_ID = -1
PETAL_ID = -1

# STATE
POS_T = -179.99986070168367
POS_P = -3.0000420502426763
GENERAL_SETTINGS_FILE = '_genl_settings_DEFAULT.conf'

# CALIBRATION
LENGTH_R1 = 2.9964181961369958
LENGTH_R2 = 3.1076693597924279
OFFSET_T = 33.744615018228252
OFFSET_P = 1.7998438523524243
GEAR_CALIB_T = 1.0
GEAR_CALIB_P = 1.0
GEAR_TYPE_T = 'namiki'
GEAR_TYPE_P = 'namiki'
OFFSET_X = 22.778072223697674
OFFSET_Y = 31.768328045765397
PHYSICAL_RANGE_T = 395.73714387250283
PHYSICAL_RANGE_P = 186.40696251316058
MOTOR_CCW_DIR_T = -1
MOTOR_CCW_DIR_P = -1
MOTOR_ID_T = 1
MOTOR_ID_P = 0

# HISTORY
TOTAL_MOVE_SEQUENCES = 3427
TOTAL_CRUISE_MOVES_T = 868
TOTAL_CRUISE_MOVES_P = 843
TOTAL_CREEP_MOVES_T = 9324
TOTAL_CREEP_MOVES_P = 9349
TOTAL_LIMIT_SEEKS_T = 48
TOTAL_LIMIT_SEEKS_P = 58
LAST_PRIMARY_HARDSTOP_DIR_T = -1.0
LAST_PRIMARY_HARDSTOP_DIR_P = 1.0
LAST_MOVE_CMD = 'posTP; (auto backlash backup); (auto final creep)'
LAST_MOVE_VAL1 = '180; 3; -3.0005'
LAST_MOVE_VAL2 = '-3; -3; -4.13383'
LAST_MEAS_OBS_X = 28.577499325680012
LAST_MEAS_OBS_Y = 31.76967312492558
