# Template file for configuration of individual fiber positioner unit.

# ID
POS_ID = 'M00038'
CAN_ID = 83
DEVICE_ID = -1
PETAL_ID = -1

# STATE
POS_T = 62.481644447217739
POS_P = 37.849206886417576
GENERAL_SETTINGS_FILE = '_genl_settings_DEFAULT.conf'

# CALIBRATION
LENGTH_R1 = 2.9772364617682352
LENGTH_R2 = 3.0272795159869341
OFFSET_T = -83.849757271704192
OFFSET_P = 3.6943900498323252
GEAR_CALIB_T = 1.0
GEAR_CALIB_P = 1.0
GEAR_TYPE_T = 'namiki'
GEAR_TYPE_P = 'namiki'
OFFSET_X = 40.778647785376023
OFFSET_Y = 46.538956932078207
PHYSICAL_RANGE_T = 394.77245629075748
PHYSICAL_RANGE_P = 184.62419076942081
MOTOR_CCW_DIR_T = -1
MOTOR_CCW_DIR_P = -1
MOTOR_ID_T = 1
MOTOR_ID_P = 0

# HISTORY
TOTAL_MOVE_SEQUENCES = 13262
TOTAL_CRUISE_MOVES_T = 3511
TOTAL_CRUISE_MOVES_P = 3653
TOTAL_CREEP_MOVES_T = 36229
TOTAL_CREEP_MOVES_P = 36087
TOTAL_LIMIT_SEEKS_T = 51
TOTAL_LIMIT_SEEKS_P = 59
LAST_PRIMARY_HARDSTOP_DIR_T = -1.0
LAST_PRIMARY_HARDSTOP_DIR_P = 1.0
LAST_MOVE_CMD = 'dXdY; (auto backlash backup); (auto final creep)'
LAST_MOVE_VAL1 = '0.000281822; 3; -3.00021'
LAST_MOVE_VAL2 = '-0.0108813; -3; 3.0002'
LAST_MEAS_OBS_X = 46.378470420721435
LAST_MEAS_OBS_Y = 46.538462573391996
