# Template file for configuration of individual fiber positioner unit.

# ID
POS_ID = 'M00038'
CAN_ID = 83
DEVICE_ID = -1
PETAL_ID = -1

# STATE
POS_T = 61.771768209366599
POS_P = 106.9998827916999
GENERAL_SETTINGS_FILE = '_genl_settings_DEFAULT.conf'

# CALIBRATION
LENGTH_R1 = 2.976857126099356
LENGTH_R2 = 3.0310834578983807
OFFSET_T = -83.85990624926565
OFFSET_P = 2.7388735411987284
GEAR_CALIB_T = 1.0
GEAR_CALIB_P = 1.0
GEAR_TYPE_T = 'namiki'
GEAR_TYPE_P = 'namiki'
OFFSET_X = 40.758374679995164
OFFSET_Y = 46.55828663582098
PHYSICAL_RANGE_T = 394.63126234669903
PHYSICAL_RANGE_P = 185.00993423279328
MOTOR_CCW_DIR_T = -1
MOTOR_CCW_DIR_P = -1
MOTOR_ID_T = 1
MOTOR_ID_P = 0

# HISTORY
TOTAL_MOVE_SEQUENCES = 5293
TOTAL_CRUISE_MOVES_T = 855
TOTAL_CRUISE_MOVES_P = 999
TOTAL_CREEP_MOVES_T = 15017
TOTAL_CREEP_MOVES_P = 14873
TOTAL_LIMIT_SEEKS_T = 30
TOTAL_LIMIT_SEEKS_P = 33
LAST_PRIMARY_HARDSTOP_DIR_T = -1.0
LAST_PRIMARY_HARDSTOP_DIR_P = 1.0
LAST_MOVE_CMD = 'posTP; (auto backlash backup); (auto final creep)'
LAST_MOVE_VAL1 = '61.7719; 3; -3.00411'
LAST_MOVE_VAL2 = '107; -0; 0.000117208'
LAST_MEAS_OBS_X = 43.62007528269734
LAST_MEAS_OBS_Y = 48.41659084153941
