# Template file for configuration of individual fiber positioner unit.

# ID
POS_ID = 'M00029'
CAN_ID = 221
DEVICE_ID = -1
PETAL_ID = -1

# STATE
POS_T = -44.082879842276704
POS_P = 28.72140090371861
GENERAL_SETTINGS_FILE = '_genl_settings_DEFAULT.conf'

# CALIBRATION
LENGTH_R1 = 3.0632593177276428
LENGTH_R2 = 3.025104889671999
OFFSET_T = 26.080925784688439
OFFSET_P = 7.4880738228462889
GEAR_CALIB_T = 1.0
GEAR_CALIB_P = 1.0
GEAR_TYPE_T = 'namiki'
GEAR_TYPE_P = 'namiki'
OFFSET_X = 32.171118086160782
OFFSET_Y = 41.841076800031288
PHYSICAL_RANGE_T = 392.85490240060324
PHYSICAL_RANGE_P = 197.36978667166989
MOTOR_CCW_DIR_T = -1
MOTOR_CCW_DIR_P = -1
MOTOR_ID_T = 1
MOTOR_ID_P = 0

# HISTORY
TOTAL_MOVE_SEQUENCES = 2154
TOTAL_CRUISE_MOVES_T = 401
TOTAL_CRUISE_MOVES_P = 411
TOTAL_CREEP_MOVES_T = 6052
TOTAL_CREEP_MOVES_P = 6042
TOTAL_LIMIT_SEEKS_T = 5
TOTAL_LIMIT_SEEKS_P = 6
LAST_PRIMARY_HARDSTOP_DIR_T = -1.0
LAST_PRIMARY_HARDSTOP_DIR_P = 1.0
LAST_MOVE_CMD = 'dXdY; (auto backlash backup); (auto final creep)'
LAST_MOVE_VAL1 = '-3.09633e-05; 3; -3.0001'
LAST_MOVE_VAL2 = '0.000989961; -3; 3.00018'
LAST_MEAS_OBS_X = 37.97114095219795
LAST_MEAS_OBS_Y = 41.84234079244873
