# Settings file for unit: M00391

POS_ID = 'M00391'
CAN_ID = 391
DEVICE_ID = -1
PETAL_ID = -1

# STATE
POS_T = -5.0123456759365581e-05
POS_P = 182.09993567901233
GENERAL_SETTINGS_FILE = '_genl_settings_DEFAULT.conf'

# CALIBRATION
LENGTH_R1 = 3.0128775649430088
LENGTH_R2 = 2.9272528326055238
OFFSET_T = -34.700339128878632
OFFSET_P = 0.0
GEAR_CALIB_T = 1.0
GEAR_CALIB_P = 1.0
GEAR_TYPE_T = 'namiki'
GEAR_TYPE_P = 'namiki'
OFFSET_X = 45.176771971408535
OFFSET_Y = 10.740295242194707
PHYSICAL_RANGE_T = 370.0
PHYSICAL_RANGE_P = 190.0
MOTOR_CCW_DIR_T = 1
MOTOR_CCW_DIR_P = 1
MOTOR_ID_T = 1
MOTOR_ID_P = 0

# HISTORY
TOTAL_MOVE_SEQUENCES = 771
TOTAL_CRUISE_MOVES_T = 510
TOTAL_CRUISE_MOVES_P = 454
TOTAL_CREEP_MOVES_T = 1765
TOTAL_CREEP_MOVES_P = 1821
TOTAL_LIMIT_SEEKS_T = 31
TOTAL_LIMIT_SEEKS_P = 36
LAST_PRIMARY_HARDSTOP_DIR_T = -1.0
LAST_PRIMARY_HARDSTOP_DIR_P = 1.0
LAST_MOVE_CMD = 'posTP; (auto backlash backup); (auto final creep)'
LAST_MOVE_VAL1 = '0; 0; 5.01235e-05'
LAST_MOVE_VAL2 = '182.1; -3; 3.00398'
LAST_MEAS_OBS_X = 50.131743875449985
LAST_MEAS_OBS_Y = 7.466743370985613
