# Configuration file for unit M00356.

#ID
POS_ID = 'M00356'
CAN_ID = 178
DEVICE_ID = -1
PETAL_ID = -1

# STATE
POS_T = 160.26510381594511
POS_P = 109.45875228027546
GENERAL_SETTINGS_FILE = '_genl_settings_DEFAULT.conf'

# CALIBRATION
LENGTH_R1 = 3.0413486848893609
LENGTH_R2 = 3.1281121198764557
OFFSET_T = -113.22639016898582
OFFSET_P = -3.0699797632819354
GEAR_CALIB_T = 1.0
GEAR_CALIB_P = 1.0
GEAR_TYPE_T = 'namiki'
GEAR_TYPE_P = 'namiki'
OFFSET_X = 76.718630177844545
OFFSET_Y = 16.878504951516913
PHYSICAL_RANGE_T = 391.55883656564066
PHYSICAL_RANGE_P = 187.96012763065613
MOTOR_CCW_DIR_T = -1
MOTOR_CCW_DIR_P = -1
MOTOR_ID_T = 1
MOTOR_ID_P = 0

# HISTORY
TOTAL_MOVE_SEQUENCES = 57161
TOTAL_CRUISE_MOVES_T = 17488
TOTAL_CRUISE_MOVES_P = 15457
TOTAL_CREEP_MOVES_T = 152980
TOTAL_CREEP_MOVES_P = 155011
TOTAL_LIMIT_SEEKS_T = 509
TOTAL_LIMIT_SEEKS_P = 622
LAST_PRIMARY_HARDSTOP_DIR_T = -1.0
LAST_PRIMARY_HARDSTOP_DIR_P = 1.0
LAST_MOVE_CMD = 'obsXY; (auto backlash backup); (auto final creep)'
LAST_MOVE_VAL1 = '75.9936; 3; -2.99584'
LAST_MOVE_VAL2 = '20.5035; -3; 2.9977'
LAST_MEAS_OBS_X = 75.99280528479902
LAST_MEAS_OBS_Y = 19.776978235331697
