# Template file for configuration of individual fiber positioner unit.

# ID
POS_ID = 'M00208'
CAN_ID = 172
DEVICE_ID = -1
PETAL_ID = -1

# STATE
POS_T = -193.99422068566696
POS_P = 180.40903844679724
GENERAL_SETTINGS_FILE = '_genl_settings_DEFAULT.conf'

# CALIBRATION
LENGTH_R1 = 2.9722819903281481
LENGTH_R2 = 3.0009079971185124
OFFSET_T = 47.691643998457067
OFFSET_P = -1.8667580534859667
GEAR_CALIB_T = 1.0
GEAR_CALIB_P = 1.0
GEAR_TYPE_T = 'namiki'
GEAR_TYPE_P = 'namiki'
OFFSET_X = 45.776821366731902
OFFSET_Y = 16.003412491198727
PHYSICAL_RANGE_T = 393.98844137133392
PHYSICAL_RANGE_P = 185.26165499676489
MOTOR_CCW_DIR_T = -1
MOTOR_CCW_DIR_P = -1
MOTOR_ID_T = 1
MOTOR_ID_P = 0

# HISTORY
TOTAL_MOVE_SEQUENCES = 2397
TOTAL_CRUISE_MOVES_T = 521
TOTAL_CRUISE_MOVES_P = 528
TOTAL_CREEP_MOVES_T = 6645
TOTAL_CREEP_MOVES_P = 6638
TOTAL_LIMIT_SEEKS_T = 15
TOTAL_LIMIT_SEEKS_P = 18
LAST_PRIMARY_HARDSTOP_DIR_T = -1.0
LAST_PRIMARY_HARDSTOP_DIR_P = 1.0
LAST_MOVE_CMD = 'P limit seek; T limit seek; debounce direct_dtdp; debounce direct_dtdp'
LAST_MOVE_VAL1 = '0; -1; 3; 3'
LAST_MOVE_VAL2 = '1; 0; -3; -3'
LAST_MEAS_OBS_X = 51.57668784296183
LAST_MEAS_OBS_Y = 16.002611160595798
