# Template file for configuration of individual fiber positioner unit.

# ID
POS_ID = 'M00038'
CAN_ID = 83
DEVICE_ID = -1
PETAL_ID = -1

# STATE
POS_T = -178.89385129994315
POS_P = 121.12114650354374
GENERAL_SETTINGS_FILE = '_genl_settings_DEFAULT.conf'

# CALIBRATION
LENGTH_R1 = 2.98277039091783
LENGTH_R2 = 3.0322715969534024
OFFSET_T = -69.748399492947613
OFFSET_P = 0.30847129807600027
GEAR_CALIB_T = 1.0
GEAR_CALIB_P = 1.0
GEAR_TYPE_T = 'namiki'
GEAR_TYPE_P = 'namiki'
OFFSET_X = 40.249988467180295
OFFSET_Y = 46.548188629406894
PHYSICAL_RANGE_T = 363.7877025998863
PHYSICAL_RANGE_P = 184.44865752322039
MOTOR_CCW_DIR_T = -1
MOTOR_CCW_DIR_P = -1
MOTOR_ID_T = 1
MOTOR_ID_P = 0

# HISTORY
TOTAL_MOVE_SEQUENCES = 17717
TOTAL_CRUISE_MOVES_T = 5072
TOTAL_CRUISE_MOVES_P = 5145
TOTAL_CREEP_MOVES_T = 47998
TOTAL_CREEP_MOVES_P = 47925
TOTAL_LIMIT_SEEKS_T = 69
TOTAL_LIMIT_SEEKS_P = 81
LAST_PRIMARY_HARDSTOP_DIR_T = -1.0
LAST_PRIMARY_HARDSTOP_DIR_P = 1.0
LAST_MOVE_CMD = 'posTP; (auto backlash backup); (auto final creep)'
LAST_MOVE_VAL1 = '-178.894; 0; 0'
LAST_MOVE_VAL2 = '121.121; -3; 3.00346'
LAST_MEAS_OBS_X = 37.0270004551612
LAST_MEAS_OBS_Y = 49.13411824511322
