# Configuration file for unit M00942.

#ID
POS_ID = 'M00942'
CAN_ID = 512
DEVICE_ID = -1
PETAL_ID = -1

# STATE
POS_T = 6.7530761313605581e-05
POS_P = 180.00009814814834
GENERAL_SETTINGS_FILE = '_genl_settings_DEFAULT.conf'

# CALIBRATION
LENGTH_R1 = 3.0828919801564774
LENGTH_R2 = 3.1027340855073953
OFFSET_T = -106.94654232282613
OFFSET_P = -5.4424912437286821
GEAR_CALIB_T = 1.0
GEAR_CALIB_P = 1.0
GEAR_TYPE_T = 'namiki'
GEAR_TYPE_P = 'namiki'
OFFSET_X = 45.571245630703345
OFFSET_Y = 16.410874940306805
PHYSICAL_RANGE_T = 394.27357827181083
PHYSICAL_RANGE_P = 190.0
MOTOR_CCW_DIR_T = -1
MOTOR_CCW_DIR_P = -1
MOTOR_ID_T = 1
MOTOR_ID_P = 0

# HISTORY
TOTAL_MOVE_SEQUENCES = 872
TOTAL_CRUISE_MOVES_T = 208
TOTAL_CRUISE_MOVES_P = 224
TOTAL_CREEP_MOVES_T = 2399
TOTAL_CREEP_MOVES_P = 2383
TOTAL_LIMIT_SEEKS_T = 10
TOTAL_LIMIT_SEEKS_P = 11
LAST_PRIMARY_HARDSTOP_DIR_T = -1.0
LAST_PRIMARY_HARDSTOP_DIR_P = 1.0
LAST_MOVE_CMD = 'posTP; (auto backlash backup); (auto final creep)'
LAST_MOVE_VAL1 = '0; 3; -2.99984'
LAST_MOVE_VAL2 = '180; -3; 2.99522'
LAST_MEAS_OBS_X = 51.370580499388026
LAST_MEAS_OBS_Y = 16.41077594153442
