# Template file for configuration of individual fiber positioner unit.

# ID
POS_ID = 'M00183'
CAN_ID = 120
DEVICE_ID = -1
PETAL_ID = -1

# STATE
POS_T = 4.2519963715663387
POS_P = 43.440999999999882
GENERAL_SETTINGS_FILE = '_genl_settings_DEFAULT.conf'

# CALIBRATION
LENGTH_R1 = 3.0164996472711985
LENGTH_R2 = 3.1103980295688167
OFFSET_T = -23.75171992880599
OFFSET_P = -5.4186043366128445
GEAR_CALIB_T = 1.0
GEAR_CALIB_P = 1.0
GEAR_TYPE_T = 'namiki'
GEAR_TYPE_P = 'namiki'
OFFSET_X = 52.19042866763256
OFFSET_Y = 25.902433045327108
PHYSICAL_RANGE_T = 393.36695886180462
PHYSICAL_RANGE_P = 190.0
MOTOR_CCW_DIR_T = -1
MOTOR_CCW_DIR_P = -1
MOTOR_ID_T = 1
MOTOR_ID_P = 0

# HISTORY
TOTAL_MOVE_SEQUENCES = 2199
TOTAL_CRUISE_MOVES_T = 420
TOTAL_CRUISE_MOVES_P = 448
TOTAL_CREEP_MOVES_T = 6170
TOTAL_CREEP_MOVES_P = 6142
TOTAL_LIMIT_SEEKS_T = 13
TOTAL_LIMIT_SEEKS_P = 14
LAST_PRIMARY_HARDSTOP_DIR_T = -1.0
LAST_PRIMARY_HARDSTOP_DIR_P = 1.0
LAST_MOVE_CMD = 'dXdY; (auto backlash backup); (auto final creep)'
LAST_MOVE_VAL1 = '-0.000449699; 3; -2.99993'
LAST_MOVE_VAL2 = '0.00035828; -3; 3.00018'
LAST_MEAS_OBS_X = 57.99020367262453
LAST_MEAS_OBS_Y = 25.904340626004508
