# Template file for configuration of individual fiber positioner unit.

# ID
POS_ID = 'M00184'
CAN_ID = 331
DEVICE_ID = -1
PETAL_ID = -1

# STATE
POS_T = 9.4387135544416516
POS_P = 41.526128395061797
GENERAL_SETTINGS_FILE = '_genl_settings_DEFAULT.conf'

# CALIBRATION
LENGTH_R1 = 3.0242720468207023
LENGTH_R2 = 3.0946993905044002
OFFSET_T = -28.858899943483124
OFFSET_P = -4.0669862486596031
GEAR_CALIB_T = 1.0
GEAR_CALIB_P = 1.0
GEAR_TYPE_T = 'namiki'
GEAR_TYPE_P = 'namiki'
OFFSET_X = 27.003245782234618
OFFSET_Y = 31.823422125657068
PHYSICAL_RANGE_T = 393.52531832321534
PHYSICAL_RANGE_P = 190.0
MOTOR_CCW_DIR_T = -1
MOTOR_CCW_DIR_P = -1
MOTOR_ID_T = 1
MOTOR_ID_P = 0

# HISTORY
TOTAL_MOVE_SEQUENCES = 4490
TOTAL_CRUISE_MOVES_T = 920
TOTAL_CRUISE_MOVES_P = 912
TOTAL_CREEP_MOVES_T = 12504
TOTAL_CREEP_MOVES_P = 12512
TOTAL_LIMIT_SEEKS_T = 27
TOTAL_LIMIT_SEEKS_P = 31
LAST_PRIMARY_HARDSTOP_DIR_T = -1.0
LAST_PRIMARY_HARDSTOP_DIR_P = 1.0
LAST_MOVE_CMD = 'dXdY; (auto backlash backup); (auto final creep)'
LAST_MOVE_VAL1 = '-0.000354087; 3; -3.00013'
LAST_MOVE_VAL2 = '0.00129614; -3; 3.00001'
LAST_MEAS_OBS_X = 32.803452821365575
LAST_MEAS_OBS_Y = 31.82165209043823
