# Settings file for unit: M00012

POS_ID = 'M00012'
CAN_ID = 84
DEVICE_ID = -1
PETAL_ID = -1

# STATE
POS_T = -19.303900726494703
POS_P = 32.039210907286964
GENERAL_SETTINGS_FILE = '_genl_settings_DEFAULT.conf'

# CALIBRATION
LENGTH_R1 = 3.0312634980534852
LENGTH_R2 = 3.0329920973835591
OFFSET_T = 0.92439279097326121
OFFSET_P = 1.9898685812352426
GEAR_CALIB_T = 1.0
GEAR_CALIB_P = 1.0
GEAR_TYPE_T = 'namiki'
GEAR_TYPE_P = 'namiki'
OFFSET_X = 44.917516115785517
OFFSET_Y = 41.822181030518372
PHYSICAL_RANGE_T = 391.46218984805057
PHYSICAL_RANGE_P = 188.16189479349333
MOTOR_CCW_DIR_T = -1
MOTOR_CCW_DIR_P = -1
MOTOR_ID_T = 1
MOTOR_ID_P = 0

# HISTORY
TOTAL_MOVE_SEQUENCES = 2271
TOTAL_CRUISE_MOVES_T = 474
TOTAL_CRUISE_MOVES_P = 467
TOTAL_CREEP_MOVES_T = 6321
TOTAL_CREEP_MOVES_P = 6328
TOTAL_LIMIT_SEEKS_T = 8
TOTAL_LIMIT_SEEKS_P = 10
LAST_PRIMARY_HARDSTOP_DIR_T = -1.0
LAST_PRIMARY_HARDSTOP_DIR_P = 1.0
LAST_MOVE_CMD = 'dXdY; (auto backlash backup); (auto final creep)'
LAST_MOVE_VAL1 = '-0.000937054; 3; -3.00001'
LAST_MOVE_VAL2 = '-6.17238e-05; -3; 3.00005'
LAST_MEAS_OBS_X = 50.71752051721721
LAST_MEAS_OBS_Y = 41.82159595967165
