# Template file for configuration of individual fiber positioner unit.

# ID
POS_ID = 'M00264'
CAN_ID = 286
DEVICE_ID = -1
PETAL_ID = -1

# STATE
POS_T = -26.903076314233147
POS_P = 35.482426049382639
GENERAL_SETTINGS_FILE = '_genl_settings_DEFAULT.conf'

# CALIBRATION
LENGTH_R1 = 3.0417940139864492
LENGTH_R2 = 2.9499049115622658
OFFSET_T = 12.383303639918251
OFFSET_P = -5.781146651860098
GEAR_CALIB_T = 1.0
GEAR_CALIB_P = 1.0
GEAR_TYPE_T = 'namiki'
GEAR_TYPE_P = 'namiki'
OFFSET_X = 67.945473145946025
OFFSET_Y = 32.042389455495162
PHYSICAL_RANGE_T = 392.58238127044166
PHYSICAL_RANGE_P = 190.0
MOTOR_CCW_DIR_T = -1
MOTOR_CCW_DIR_P = -1
MOTOR_ID_T = 1
MOTOR_ID_P = 0

# HISTORY
TOTAL_MOVE_SEQUENCES = 2718
TOTAL_CRUISE_MOVES_T = 606
TOTAL_CRUISE_MOVES_P = 624
TOTAL_CREEP_MOVES_T = 7504
TOTAL_CREEP_MOVES_P = 7486
TOTAL_LIMIT_SEEKS_T = 24
TOTAL_LIMIT_SEEKS_P = 29
LAST_PRIMARY_HARDSTOP_DIR_T = -1.0
LAST_PRIMARY_HARDSTOP_DIR_P = 1.0
LAST_MOVE_CMD = 'dXdY; (auto backlash backup); (auto final creep)'
LAST_MOVE_VAL1 = '-0.000896894; 3; -3.00015'
LAST_MOVE_VAL2 = '0.00288644; -3; 3.00007'
LAST_MEAS_OBS_X = 73.74564792646143
LAST_MEAS_OBS_Y = 32.04246192919162
