# Configuration file for unit M00696.

#ID
POS_ID = 'M00696'
CAN_ID = 532
DEVICE_ID = -1
PETAL_ID = -1

# STATE
POS_T = 185.00004904132717
POS_P = -3.0000688865968215
GENERAL_SETTINGS_FILE = '_genl_settings_DEFAULT.conf'

# CALIBRATION
LENGTH_R1 = 2.9228810605157927
LENGTH_R2 = 3.0556052211188396
OFFSET_T = -124.12544293434343
OFFSET_P = -5.5560065240387075
GEAR_CALIB_T = 1.0
GEAR_CALIB_P = 1.0
GEAR_TYPE_T = 'namiki'
GEAR_TYPE_P = 'namiki'
OFFSET_X = 38.380255229083787
OFFSET_Y = 32.529555145939902
PHYSICAL_RANGE_T = 393.18104043586408
PHYSICAL_RANGE_P = 187.91508317976897
MOTOR_CCW_DIR_T = -1
MOTOR_CCW_DIR_P = -1
MOTOR_ID_T = 1
MOTOR_ID_P = 0

# HISTORY
TOTAL_MOVE_SEQUENCES = 915
TOTAL_CRUISE_MOVES_T = 248
TOTAL_CRUISE_MOVES_P = 245
TOTAL_CREEP_MOVES_T = 2479
TOTAL_CREEP_MOVES_P = 2482
TOTAL_LIMIT_SEEKS_T = 10
TOTAL_LIMIT_SEEKS_P = 12
LAST_PRIMARY_HARDSTOP_DIR_T = -1.0
LAST_PRIMARY_HARDSTOP_DIR_P = 1.0
LAST_MOVE_CMD = 'posTP; (auto backlash backup); (auto final creep)'
LAST_MOVE_VAL1 = '185; 3; -2.99626'
LAST_MOVE_VAL2 = '-3; -3; -4.12017'
LAST_MEAS_OBS_X = 44.17978657456601
LAST_MEAS_OBS_Y = 32.52958495979642
