# Configuration file for unit M00116.
# Note this unit is one of the first 3 gamma prototypes

#ID
POS_ID = 'M00116'
CAN_ID = 116
DEVICE_ID = -1
PETAL_ID = -1

# STATE
POS_T = 54.75978466144396
POS_P = 43.74317959136585
GENERAL_SETTINGS_FILE = '_genl_settings_DEFAULT.conf'

# CALIBRATION
LENGTH_R1 = 2.967903576533019
LENGTH_R2 = 3.030263781350179
OFFSET_T = 103.88368863516325
OFFSET_P = -1.6199731359493157
GEAR_CALIB_T = 1.0
GEAR_CALIB_P = 1.0
GEAR_TYPE_T = 'namiki'
GEAR_TYPE_P = 'namiki'
OFFSET_X = 45.1527611486618
OFFSET_Y = 10.507566408197013
PHYSICAL_RANGE_T = 394.16504623266775
PHYSICAL_RANGE_P = 187.76141148398358
MOTOR_CCW_DIR_T = -1
MOTOR_CCW_DIR_P = -1
MOTOR_ID_T = 1
MOTOR_ID_P = 0

# HISTORY
TOTAL_MOVE_SEQUENCES = 8108
TOTAL_CRUISE_MOVES_T = 2332
TOTAL_CRUISE_MOVES_P = 2272
TOTAL_CREEP_MOVES_T = 21939
TOTAL_CREEP_MOVES_P = 21999
TOTAL_LIMIT_SEEKS_T = 49
TOTAL_LIMIT_SEEKS_P = 57
LAST_PRIMARY_HARDSTOP_DIR_T = -1.0
LAST_PRIMARY_HARDSTOP_DIR_P = 1.0
LAST_MOVE_CMD = 'dXdY; (auto backlash backup); (auto final creep)'
LAST_MOVE_VAL1 = '0.00163059; 3; -3.00014'
LAST_MOVE_VAL2 = '-0.00473936; -3; 3.00009'
LAST_MEAS_OBS_X = 39.551150726451375
LAST_MEAS_OBS_Y = 10.509829993685281
