# Template file for configuration of individual fiber positioner unit.

# ID
POS_ID = 'M00035'
CAN_ID = 20
DEVICE_ID = -1
PETAL_ID = -1

# STATE
POS_T = -149.31687061941304
POS_P = 55.995013972026463
GENERAL_SETTINGS_FILE = '_genl_settings_DEFAULT.conf'

# CALIBRATION
LENGTH_R1 = 2.9342297401123965
LENGTH_R2 = 3.0312938602440753
OFFSET_T = -103.26910518447009
OFFSET_P = -0.9863266276761351
GEAR_CALIB_T = 1.0
GEAR_CALIB_P = 1.0
GEAR_TYPE_T = 'namiki'
GEAR_TYPE_P = 'namiki'
OFFSET_X = 27.403891973772176
OFFSET_Y = 10.013634250307151
PHYSICAL_RANGE_T = 393.01544049808564
PHYSICAL_RANGE_P = 185.13696460573817
MOTOR_CCW_DIR_T = -1
MOTOR_CCW_DIR_P = -1
MOTOR_ID_T = 1
MOTOR_ID_P = 0

# HISTORY
TOTAL_MOVE_SEQUENCES = 155
TOTAL_CRUISE_MOVES_T = 72
TOTAL_CRUISE_MOVES_P = 74
TOTAL_CREEP_MOVES_T = 369
TOTAL_CREEP_MOVES_P = 367
TOTAL_LIMIT_SEEKS_T = 13
TOTAL_LIMIT_SEEKS_P = 16
LAST_PRIMARY_HARDSTOP_DIR_T = -1.0
LAST_PRIMARY_HARDSTOP_DIR_P = 1.0
LAST_MOVE_CMD = 'dXdY; (auto backlash backup); (auto final creep)'
LAST_MOVE_VAL1 = '-0.00615694; 3; -3.00006'
LAST_MOVE_VAL2 = '-0.010686; -3; 3.00009'
LAST_MEAS_OBS_X = 23.676715584546663
LAST_MEAS_OBS_Y = 13.757653556441337
