# Template file for configuration of individual fiber positioner unit.

# ID
POS_ID = 'M00187'
CAN_ID = 398
DEVICE_ID = -1
PETAL_ID = -1

# STATE
POS_T = -193.37763913634893
POS_P = 181.9888272470784
GENERAL_SETTINGS_FILE = '_genl_settings_DEFAULT.conf'

# CALIBRATION
LENGTH_R1 = 2.9860348778270742
LENGTH_R2 = 3.0716849976407525
OFFSET_T = -145.55499987303656
OFFSET_P = -2.9688849382827414
GEAR_CALIB_T = 1.0
GEAR_CALIB_P = 1.0
GEAR_TYPE_T = 'namiki'
GEAR_TYPE_P = 'namiki'
OFFSET_X = 39.295737639504452
OFFSET_Y = 31.849331978125555
PHYSICAL_RANGE_T = 392.75527827269786
PHYSICAL_RANGE_P = 186.85740125967516
MOTOR_CCW_DIR_T = -1
MOTOR_CCW_DIR_P = -1
MOTOR_ID_T = 1
MOTOR_ID_P = 0

# HISTORY
TOTAL_MOVE_SEQUENCES = 12868
TOTAL_CRUISE_MOVES_T = 3160
TOTAL_CRUISE_MOVES_P = 2823
TOTAL_CREEP_MOVES_T = 35324
TOTAL_CREEP_MOVES_P = 35661
TOTAL_LIMIT_SEEKS_T = 67
TOTAL_LIMIT_SEEKS_P = 81
LAST_PRIMARY_HARDSTOP_DIR_T = -1.0
LAST_PRIMARY_HARDSTOP_DIR_P = 1.0
LAST_MOVE_CMD = 'P limit seek; T limit seek; debounce direct_dtdp; debounce direct_dtdp'
LAST_MOVE_VAL1 = '0; -1; 3; 3'
LAST_MOVE_VAL2 = '1; 0; -3; -3'
LAST_MEAS_OBS_X = 45.09569540345105
LAST_MEAS_OBS_Y = 31.850016872789045
