# Template file for configuration of individual fiber positioner unit.

# ID
POS_ID = 'M00058'
CAN_ID = 358
DEVICE_ID = -1
PETAL_ID = -1

# STATE
POS_T = -175.97604616270846
POS_P = 55.256426736953244
GENERAL_SETTINGS_FILE = '_genl_settings_DEFAULT.conf'

# CALIBRATION
LENGTH_R1 = 3.0153881843116972
LENGTH_R2 = 3.0089513121972096
OFFSET_T = -176.43077392515525
OFFSET_P = -0.50113080486859385
GEAR_CALIB_T = 1.0
GEAR_CALIB_P = 1.0
GEAR_TYPE_T = 'namiki'
GEAR_TYPE_P = 'namiki'
OFFSET_X = 26.284389415159456
OFFSET_Y = 10.953378903784854
PHYSICAL_RANGE_T = 394.18822146122
PHYSICAL_RANGE_P = 184.05707040395589
MOTOR_CCW_DIR_T = -1
MOTOR_CCW_DIR_P = -1
MOTOR_ID_T = 1
MOTOR_ID_P = 0

# HISTORY
TOTAL_MOVE_SEQUENCES = 5819
TOTAL_CRUISE_MOVES_T = 1349
TOTAL_CRUISE_MOVES_P = 1396
TOTAL_CREEP_MOVES_T = 16030
TOTAL_CREEP_MOVES_P = 15983
TOTAL_LIMIT_SEEKS_T = 40
TOTAL_LIMIT_SEEKS_P = 49
LAST_PRIMARY_HARDSTOP_DIR_T = -1.0
LAST_PRIMARY_HARDSTOP_DIR_P = 1.0
LAST_MOVE_CMD = 'dXdY; (auto backlash backup); (auto final creep)'
LAST_MOVE_VAL1 = '8.89955e-05; 3; -3.00008'
LAST_MOVE_VAL2 = '0.000197132; -3; 3.00008'
LAST_MEAS_OBS_X = 30.63962920118537
LAST_MEAS_OBS_Y = 14.064449405985059
