# Template file for configuration of individual fiber positioner unit.

# ID
POS_ID = 'M00053'
CAN_ID = 44
DEVICE_ID = -1
PETAL_ID = -1

# STATE
POS_T = -193.94180358020554
POS_P = 181.9783600109032
GENERAL_SETTINGS_FILE = '_genl_settings_DEFAULT.conf'

# CALIBRATION
LENGTH_R1 = 2.8945777453126693
LENGTH_R2 = 3.072499030347021
OFFSET_T = -39.941604298004108
OFFSET_P = -4.6741548909674293
GEAR_CALIB_T = 1.0
GEAR_CALIB_P = 1.0
GEAR_TYPE_T = 'namiki'
GEAR_TYPE_P = 'namiki'
OFFSET_X = 24.895124252371126
OFFSET_Y = 31.852699625509494
PHYSICAL_RANGE_T = 393.88360716041109
PHYSICAL_RANGE_P = 186.84682829384161
MOTOR_CCW_DIR_T = -1
MOTOR_CCW_DIR_P = -1
MOTOR_ID_T = 1
MOTOR_ID_P = 0

# HISTORY
TOTAL_MOVE_SEQUENCES = 15063
TOTAL_CRUISE_MOVES_T = 3085
TOTAL_CRUISE_MOVES_P = 3081
TOTAL_CREEP_MOVES_T = 41975
TOTAL_CREEP_MOVES_P = 41979
TOTAL_LIMIT_SEEKS_T = 73
TOTAL_LIMIT_SEEKS_P = 88
LAST_PRIMARY_HARDSTOP_DIR_T = -1.0
LAST_PRIMARY_HARDSTOP_DIR_P = 1.0
LAST_MOVE_CMD = 'P limit seek; T limit seek; debounce direct_dtdp; debounce direct_dtdp'
LAST_MOVE_VAL1 = '0; -1; 3; 3'
LAST_MOVE_VAL2 = '1; 0; -3; -3'
LAST_MEAS_OBS_X = 30.69506166542834
LAST_MEAS_OBS_Y = 31.85168758360195
