# Template file for configuration of individual fiber positioner unit.

# ID
POS_ID = 'M00018'
CAN_ID = 315
DEVICE_ID = -1
PETAL_ID = -1

# STATE
POS_T = -154.14813107578618
POS_P = 45.41140768316135
GENERAL_SETTINGS_FILE = '_genl_settings_DEFAULT.conf'

# CALIBRATION
LENGTH_R1 = 2.8064428045486123
LENGTH_R2 = 3.0261658769667781
OFFSET_T = 164.32251621136058
OFFSET_P = 1.4135645501107288
GEAR_CALIB_T = 1.0
GEAR_CALIB_P = 1.0
GEAR_TYPE_T = 'namiki'
GEAR_TYPE_P = 'namiki'
OFFSET_X = 26.181994714275945
OFFSET_Y = 31.659495496016621
PHYSICAL_RANGE_T = 392.79829104046246
PHYSICAL_RANGE_P = 182.62165011018925
MOTOR_CCW_DIR_T = -1
MOTOR_CCW_DIR_P = -1
MOTOR_ID_T = 1
MOTOR_ID_P = 0

# HISTORY
TOTAL_MOVE_SEQUENCES = 8161
TOTAL_CRUISE_MOVES_T = 1901
TOTAL_CRUISE_MOVES_P = 2016
TOTAL_CREEP_MOVES_T = 22469
TOTAL_CREEP_MOVES_P = 22354
TOTAL_LIMIT_SEEKS_T = 62
TOTAL_LIMIT_SEEKS_P = 75
LAST_PRIMARY_HARDSTOP_DIR_T = -1.0
LAST_PRIMARY_HARDSTOP_DIR_P = 1.0
LAST_MOVE_CMD = 'dXdY; (auto backlash backup); (auto final creep)'
LAST_MOVE_VAL1 = '-0.000647247; 3; -3.00011'
LAST_MOVE_VAL2 = '0.000948808; -3; 3.00015'
LAST_MEAS_OBS_X = 30.537860724831265
LAST_MEAS_OBS_Y = 34.77021170315735
