# Template file for configuration of individual fiber positioner unit.

# ID
POS_ID = 'M00171'
CAN_ID = 416
DEVICE_ID = -1
PETAL_ID = -1

# STATE
POS_T = 37.919530579325674
POS_P = 41.563773703704108
GENERAL_SETTINGS_FILE = '_genl_settings_DEFAULT.conf'

# CALIBRATION
LENGTH_R1 = 3.0272999215168843
LENGTH_R2 = 3.047996316319868
OFFSET_T = -55.077813295264065
OFFSET_P = -6.4574827719740995
GEAR_CALIB_T = 1.0
GEAR_CALIB_P = 1.0
GEAR_TYPE_T = 'namiki'
GEAR_TYPE_P = 'namiki'
OFFSET_X = 37.161209267550646
OFFSET_Y = 25.82133942355221
PHYSICAL_RANGE_T = 392.51291266850922
PHYSICAL_RANGE_P = 190.0
MOTOR_CCW_DIR_T = -1
MOTOR_CCW_DIR_P = -1
MOTOR_ID_T = 1
MOTOR_ID_P = 0

# HISTORY
TOTAL_MOVE_SEQUENCES = 2153
TOTAL_CRUISE_MOVES_T = 403
TOTAL_CRUISE_MOVES_P = 409
TOTAL_CREEP_MOVES_T = 6047
TOTAL_CREEP_MOVES_P = 6041
TOTAL_LIMIT_SEEKS_T = 5
TOTAL_LIMIT_SEEKS_P = 6
LAST_PRIMARY_HARDSTOP_DIR_T = -1.0
LAST_PRIMARY_HARDSTOP_DIR_P = 1.0
LAST_MOVE_CMD = 'dXdY; (auto backlash backup); (auto final creep)'
LAST_MOVE_VAL1 = '-0.000210049; 3; -3.00001'
LAST_MOVE_VAL2 = '-0.00387243; -3; 3.0001'
LAST_MEAS_OBS_X = 42.96117803510647
LAST_MEAS_OBS_Y = 25.82307137090116
