# Configuration file for unit M00358.

#ID
POS_ID = 'M00358'
CAN_ID = 24
DEVICE_ID = -1
PETAL_ID = -1

# STATE
POS_T = -1.067785635247644
POS_P = 41.015100740740678
GENERAL_SETTINGS_FILE = '_genl_settings_DEFAULT.conf'

# CALIBRATION
LENGTH_R1 = 3.0376468122135338
LENGTH_R2 = 3.1375284843889788
OFFSET_T = -19.560610678497639
OFFSET_P = -0.54412305954727014
GEAR_CALIB_T = 1.0
GEAR_CALIB_P = 1.0
GEAR_TYPE_T = 'namiki'
GEAR_TYPE_P = 'namiki'
OFFSET_X = 15.655924442059002
OFFSET_Y = 16.124479747136029
PHYSICAL_RANGE_T = 394.5993455914828
PHYSICAL_RANGE_P = 190.0
MOTOR_CCW_DIR_T = -1
MOTOR_CCW_DIR_P = -1
MOTOR_ID_T = 1
MOTOR_ID_P = 0

# HISTORY
TOTAL_MOVE_SEQUENCES = 4588
TOTAL_CRUISE_MOVES_T = 1390
TOTAL_CRUISE_MOVES_P = 1272
TOTAL_CREEP_MOVES_T = 12185
TOTAL_CREEP_MOVES_P = 12303
TOTAL_LIMIT_SEEKS_T = 99
TOTAL_LIMIT_SEEKS_P = 117
LAST_PRIMARY_HARDSTOP_DIR_T = -1.0
LAST_PRIMARY_HARDSTOP_DIR_P = 1.0
LAST_MOVE_CMD = 'dXdY; (auto backlash backup); (auto final creep)'
LAST_MOVE_VAL1 = '-0.000544462; 3; -2.99999'
LAST_MOVE_VAL2 = '0.000916525; -3; 3'
LAST_MEAS_OBS_X = 21.45607862157806
LAST_MEAS_OBS_Y = 16.126811245754045
