# Configuration file for unit M00675.

#ID
POS_ID = 'M00675'
CAN_ID = 233
DEVICE_ID = -1
PETAL_ID = -1

# STATE
POS_T = 102.49990653081491
POS_P = 41.683324020658944
GENERAL_SETTINGS_FILE = '_genl_settings_DEFAULT.conf'

# CALIBRATION
LENGTH_R1 = 3.0683546753757547
LENGTH_R2 = 3.0955432028151035
OFFSET_T = -122.54957856466976
OFFSET_P = -1.8094652106140359
GEAR_CALIB_T = 1.0
GEAR_CALIB_P = 1.0
GEAR_TYPE_T = 'namiki'
GEAR_TYPE_P = 'namiki'
OFFSET_X = 38.777058502159022
OFFSET_Y = 32.340921440663948
PHYSICAL_RANGE_T = 394.95304570380188
PHYSICAL_RANGE_P = 185.05617191262473
MOTOR_CCW_DIR_T = -1
MOTOR_CCW_DIR_P = -1
MOTOR_ID_T = 1
MOTOR_ID_P = 0

# HISTORY
TOTAL_MOVE_SEQUENCES = 1876
TOTAL_CRUISE_MOVES_T = 462
TOTAL_CRUISE_MOVES_P = 458
TOTAL_CREEP_MOVES_T = 5141
TOTAL_CREEP_MOVES_P = 5145
TOTAL_LIMIT_SEEKS_T = 15
TOTAL_LIMIT_SEEKS_P = 18
LAST_PRIMARY_HARDSTOP_DIR_T = -1.0
LAST_PRIMARY_HARDSTOP_DIR_P = 1.0
LAST_MOVE_CMD = 'dXdY; (auto backlash backup); (auto final creep)'
LAST_MOVE_VAL1 = '-5.02461e-05; 3; -2.99999'
LAST_MOVE_VAL2 = '0.000927135; -3; 3.00016'
LAST_MEAS_OBS_X = 44.5766745853112
LAST_MEAS_OBS_Y = 32.34021996290306
