# Configuration file for unit M00356.

#ID
POS_ID = 'M00356'
CAN_ID = 178
DEVICE_ID = -1
PETAL_ID = -1

# STATE
POS_T = 73.403831121205187
POS_P = 44.091048518518519
GENERAL_SETTINGS_FILE = '_genl_settings_DEFAULT.conf'

# CALIBRATION
LENGTH_R1 = 3.0151309259324566
LENGTH_R2 = 3.1042270053985295
OFFSET_T = -92.322911016189295
OFFSET_P = -6.5180257439268843
GEAR_CALIB_T = 1.0
GEAR_CALIB_P = 1.0
GEAR_TYPE_T = 'namiki'
GEAR_TYPE_P = 'namiki'
OFFSET_X = 75.545546469714282
OFFSET_Y = 16.62073158717514
PHYSICAL_RANGE_T = 390.9812315847505
PHYSICAL_RANGE_P = 190.0
MOTOR_CCW_DIR_T = -1
MOTOR_CCW_DIR_P = -1
MOTOR_ID_T = 1
MOTOR_ID_P = 0

# HISTORY
TOTAL_MOVE_SEQUENCES = 4625
TOTAL_CRUISE_MOVES_T = 1306
TOTAL_CRUISE_MOVES_P = 1275
TOTAL_CREEP_MOVES_T = 12389
TOTAL_CREEP_MOVES_P = 12420
TOTAL_LIMIT_SEEKS_T = 88
TOTAL_LIMIT_SEEKS_P = 105
LAST_PRIMARY_HARDSTOP_DIR_T = -1.0
LAST_PRIMARY_HARDSTOP_DIR_P = 1.0
LAST_MOVE_CMD = 'dXdY; (auto backlash backup); (auto final creep)'
LAST_MOVE_VAL1 = '-0.000714807; 3; -2.99996'
LAST_MOVE_VAL2 = '0.000255733; -3; 3.00012'
LAST_MEAS_OBS_X = 81.34574651743364
LAST_MEAS_OBS_Y = 16.621598323887355
