# Configuration file for unit M00318.

#ID
POS_ID = 'M00318'
CAN_ID = 249
DEVICE_ID = -1
PETAL_ID = -1

# STATE
POS_T = 180.00012801027475
POS_P = -2.9999719753086964
GENERAL_SETTINGS_FILE = '_genl_settings_DEFAULT.conf'

# CALIBRATION
LENGTH_R1 = 2.9484588402080045
LENGTH_R2 = 3.1122073505983501
OFFSET_T = -42.623281787636841
OFFSET_P = -4.6300838764073262
GEAR_CALIB_T = 1.0
GEAR_CALIB_P = 1.0
GEAR_TYPE_T = 'namiki'
GEAR_TYPE_P = 'namiki'
OFFSET_X = 30.762217977246056
OFFSET_Y = 16.020145683479736
PHYSICAL_RANGE_T = 394.41575039920383
PHYSICAL_RANGE_P = 190.0
MOTOR_CCW_DIR_T = -1
MOTOR_CCW_DIR_P = -1
MOTOR_ID_T = 1
MOTOR_ID_P = 0

# HISTORY
TOTAL_MOVE_SEQUENCES = 3877
TOTAL_CRUISE_MOVES_T = 1142
TOTAL_CRUISE_MOVES_P = 1045
TOTAL_CREEP_MOVES_T = 10346
TOTAL_CREEP_MOVES_P = 10443
TOTAL_LIMIT_SEEKS_T = 79
TOTAL_LIMIT_SEEKS_P = 92
LAST_PRIMARY_HARDSTOP_DIR_T = -1.0
LAST_PRIMARY_HARDSTOP_DIR_P = 1.0
LAST_MOVE_CMD = 'posTP; (auto backlash backup); (auto final creep)'
LAST_MOVE_VAL1 = '180; 3; -2.99752'
LAST_MOVE_VAL2 = '-3; -3; -4.10366'
LAST_MEAS_OBS_X = 36.562229250735804
LAST_MEAS_OBS_Y = 16.020926405774016
