# Template file for configuration of individual fiber positioner unit.

# ID
POS_ID = 'M00322'
CAN_ID = 322
DEVICE_ID = -1
PETAL_ID = -1

# STATE
POS_T = 34.524923150502353
POS_P = 55.925404290668475
GENERAL_SETTINGS_FILE = '_genl_settings_DEFAULT.conf'

# CALIBRATION
LENGTH_R1 = 3.0335537624353455
LENGTH_R2 = 3.0712007925373657
OFFSET_T = -27.452048280536154
OFFSET_P = 0.33569296685949779
GEAR_CALIB_T = 1.0
GEAR_CALIB_P = 1.0
GEAR_TYPE_T = 'namiki'
GEAR_TYPE_P = 'namiki'
OFFSET_X = 45.189622320801575
OFFSET_Y = 31.150751461511298
PHYSICAL_RANGE_T = 393.78338456319369
PHYSICAL_RANGE_P = 185.88794410205963
MOTOR_CCW_DIR_T = -1
MOTOR_CCW_DIR_P = -1
MOTOR_ID_T = 1
MOTOR_ID_P = 0

# HISTORY
TOTAL_MOVE_SEQUENCES = 45876
TOTAL_CRUISE_MOVES_T = 9048
TOTAL_CRUISE_MOVES_P = 9118
TOTAL_CREEP_MOVES_T = 128271
TOTAL_CREEP_MOVES_P = 128201
TOTAL_LIMIT_SEEKS_T = 184
TOTAL_LIMIT_SEEKS_P = 220
LAST_PRIMARY_HARDSTOP_DIR_T = -1.0
LAST_PRIMARY_HARDSTOP_DIR_P = 1.0
LAST_MOVE_CMD = 'dXdY; (auto backlash backup); (auto final creep)'
LAST_MOVE_VAL1 = '-0.00120666; 3; -3.00016'
LAST_MOVE_VAL2 = '0.000558026; -3; 2.99999'
LAST_MEAS_OBS_X = 49.544996579083175
LAST_MEAS_OBS_Y = 34.26252954252166
