# Configuration file for unit M00356.

#ID
POS_ID = 'M00356'
CAN_ID = 178
DEVICE_ID = -1
PETAL_ID = -1

# STATE
POS_T = 180.00004118356088
POS_P = -2.9999719753086396
GENERAL_SETTINGS_FILE = '_genl_settings_DEFAULT.conf'

# CALIBRATION
LENGTH_R1 = 3.0121438069788442
LENGTH_R2 = 3.1077602267089159
OFFSET_T = -78.167795922242263
OFFSET_P = -5.4029268842971732
GEAR_CALIB_T = 1.0
GEAR_CALIB_P = 1.0
GEAR_TYPE_T = 'namiki'
GEAR_TYPE_P = 'namiki'
OFFSET_X = 15.457925071907137
OFFSET_Y = 16.29234312536277
PHYSICAL_RANGE_T = 390.55594602794008
PHYSICAL_RANGE_P = 190.0
MOTOR_CCW_DIR_T = -1
MOTOR_CCW_DIR_P = -1
MOTOR_ID_T = 1
MOTOR_ID_P = 0

# HISTORY
TOTAL_MOVE_SEQUENCES = 173
TOTAL_CRUISE_MOVES_T = 60
TOTAL_CRUISE_MOVES_P = 62
TOTAL_CREEP_MOVES_T = 451
TOTAL_CREEP_MOVES_P = 449
TOTAL_LIMIT_SEEKS_T = 6
TOTAL_LIMIT_SEEKS_P = 7
LAST_PRIMARY_HARDSTOP_DIR_T = -1.0
LAST_PRIMARY_HARDSTOP_DIR_P = 1.0
LAST_MOVE_CMD = 'posTP; (auto backlash backup); (auto final creep)'
LAST_MOVE_VAL1 = '180; 3; -2.99684'
LAST_MOVE_VAL2 = '-3; -3; -4.10337'
LAST_MEAS_OBS_X = 21.257777976514014
LAST_MEAS_OBS_Y = 16.291663795177286
