# Template file for configuration of individual fiber positioner unit.

# ID
POS_ID = 'M00240'
CAN_ID = 69
DEVICE_ID = -1
PETAL_ID = -1

# STATE
POS_T = -11.461895859620842
POS_P = 39.988872368786623
GENERAL_SETTINGS_FILE = '_genl_settings_DEFAULT.conf'

# CALIBRATION
LENGTH_R1 = 3.1047962114455823
LENGTH_R2 = 3.0345381799836697
OFFSET_T = -7.8254747850927453
OFFSET_P = -1.6892464323639658
GEAR_CALIB_T = 1.0
GEAR_CALIB_P = 1.0
GEAR_TYPE_T = 'namiki'
GEAR_TYPE_P = 'namiki'
OFFSET_X = 44.935704224638975
OFFSET_Y = 48.508465854092961
PHYSICAL_RANGE_T = 393.46554678097004
PHYSICAL_RANGE_P = 188.34541541179348
MOTOR_CCW_DIR_T = -1
MOTOR_CCW_DIR_P = -1
MOTOR_ID_T = 1
MOTOR_ID_P = 0

# HISTORY
TOTAL_MOVE_SEQUENCES = 2386
TOTAL_CRUISE_MOVES_T = 496
TOTAL_CRUISE_MOVES_P = 503
TOTAL_CREEP_MOVES_T = 6636
TOTAL_CREEP_MOVES_P = 6629
TOTAL_LIMIT_SEEKS_T = 16
TOTAL_LIMIT_SEEKS_P = 19
LAST_PRIMARY_HARDSTOP_DIR_T = -1.0
LAST_PRIMARY_HARDSTOP_DIR_P = 1.0
LAST_MOVE_CMD = 'dXdY; (auto backlash backup); (auto final creep)'
LAST_MOVE_VAL1 = '0.000823653; 3; -3.00013'
LAST_MOVE_VAL2 = '-0.000805963; -3; 3.00006'
LAST_MEAS_OBS_X = 50.73609544184672
LAST_MEAS_OBS_Y = 48.514154822477494
