# Template file for configuration of individual fiber positioner unit.

# ID
POS_ID = 'UM00002'
CAN_ID = 2
DEVICE_ID = -1
PETAL_ID = -1

# STATE
POS_T = 139.69627534104123
POS_P = 47.61529782668142
GENERAL_SETTINGS_FILE = '_genl_settings_DEFAULT.conf'

# CALIBRATION
LENGTH_R1 = 3.0200128060907709
LENGTH_R2 = 3.0008388582665089
OFFSET_T = -155.14361306467893
OFFSET_P = -16.290646385220882
GEAR_CALIB_T = 1.0
GEAR_CALIB_P = 1.0
GEAR_TYPE_T = 'namiki'
GEAR_TYPE_P = 'namiki'
OFFSET_X = 44.58980455539789
OFFSET_Y = 53.083370307278791
PHYSICAL_RANGE_T = 380.83370783643625
PHYSICAL_RANGE_P = 202.18296787580999
MOTOR_CCW_DIR_T = 1
MOTOR_CCW_DIR_P = -1
MOTOR_ID_T = 1
MOTOR_ID_P = 0

# HISTORY
TOTAL_MOVE_SEQUENCES = 974
TOTAL_CRUISE_MOVES_T = 580
TOTAL_CRUISE_MOVES_P = 616
TOTAL_CREEP_MOVES_T = 2613
TOTAL_CREEP_MOVES_P = 2577
TOTAL_LIMIT_SEEKS_T = 80
TOTAL_LIMIT_SEEKS_P = 85
LAST_PRIMARY_HARDSTOP_DIR_T = -1.0
LAST_PRIMARY_HARDSTOP_DIR_P = 1.0
LAST_MOVE_CMD = 'dXdY; (auto backlash backup); (auto final creep)'
LAST_MOVE_VAL1 = '-0.000430325; 3; -3.00007'
LAST_MOVE_VAL2 = '-0.000772561; -3; 3.00004'
LAST_MEAS_OBS_X = 50.38964750966149
LAST_MEAS_OBS_Y = 53.0835314788862
