# Configuration file for unit M00093.

#ID
POS_ID = 'M00093'
CAN_ID = 503
DEVICE_ID = -1
PETAL_ID = -1

# STATE
POS_T = 185.00004919176951
POS_P = -2.9999879102339051
GENERAL_SETTINGS_FILE = '_genl_settings_DEFAULT.conf'

# CALIBRATION
LENGTH_R1 = 2.9791301634928811
LENGTH_R2 = 3.125966855790371
OFFSET_T = -161.83997485348107
OFFSET_P = -3.4211742978660737
GEAR_CALIB_T = 1.0
GEAR_CALIB_P = 1.0
GEAR_TYPE_T = 'namiki'
GEAR_TYPE_P = 'namiki'
OFFSET_X = 53.292772243751919
OFFSET_Y = 32.438567206141343
PHYSICAL_RANGE_T = 391.53116778930053
PHYSICAL_RANGE_P = 186.04652287406239
MOTOR_CCW_DIR_T = -1
MOTOR_CCW_DIR_P = -1
MOTOR_ID_T = 1
MOTOR_ID_P = 0

# HISTORY
TOTAL_MOVE_SEQUENCES = 915
TOTAL_CRUISE_MOVES_T = 245
TOTAL_CRUISE_MOVES_P = 244
TOTAL_CREEP_MOVES_T = 2482
TOTAL_CREEP_MOVES_P = 2483
TOTAL_LIMIT_SEEKS_T = 10
TOTAL_LIMIT_SEEKS_P = 12
LAST_PRIMARY_HARDSTOP_DIR_T = -1.0
LAST_PRIMARY_HARDSTOP_DIR_P = 1.0
LAST_MOVE_CMD = 'posTP; (auto backlash backup); (auto final creep)'
LAST_MOVE_VAL1 = '185; 3; -3.00278'
LAST_MOVE_VAL2 = '-3; -3; -4.1404'
LAST_MEAS_OBS_X = 59.092592149732354
LAST_MEAS_OBS_Y = 32.438162950922134
