# Configuration file for unit M00358.

#ID
POS_ID = 'M00358'
CAN_ID = 24
DEVICE_ID = -1
PETAL_ID = -1

# STATE
POS_T = -1.0451285190453588
POS_P = 33.390318602380269
GENERAL_SETTINGS_FILE = '_genl_settings_DEFAULT.conf'

# CALIBRATION
LENGTH_R1 = 3.0373405488186713
LENGTH_R2 = 3.1366807404366082
OFFSET_T = -19.49369452006842
OFFSET_P = 7.0185072926936698
GEAR_CALIB_T = 1.0
GEAR_CALIB_P = 1.0
GEAR_TYPE_T = 'namiki'
GEAR_TYPE_P = 'namiki'
OFFSET_X = 15.656508135824987
OFFSET_Y = 16.123094955809254
PHYSICAL_RANGE_T = 394.65777827265867
PHYSICAL_RANGE_P = 183.01290082046137
MOTOR_CCW_DIR_T = -1
MOTOR_CCW_DIR_P = -1
MOTOR_ID_T = 1
MOTOR_ID_P = 0

# HISTORY
TOTAL_MOVE_SEQUENCES = 4916
TOTAL_CRUISE_MOVES_T = 1500
TOTAL_CRUISE_MOVES_P = 1378
TOTAL_CREEP_MOVES_T = 13041
TOTAL_CREEP_MOVES_P = 13163
TOTAL_LIMIT_SEEKS_T = 107
TOTAL_LIMIT_SEEKS_P = 127
LAST_PRIMARY_HARDSTOP_DIR_T = -1.0
LAST_PRIMARY_HARDSTOP_DIR_P = 1.0
LAST_MOVE_CMD = 'dXdY; (auto backlash backup); (auto final creep)'
LAST_MOVE_VAL1 = '-0.000819836; 3; -3.00008'
LAST_MOVE_VAL2 = '0.000680056; -3; 2.99999'
LAST_MEAS_OBS_X = 21.45708828778756
LAST_MEAS_OBS_Y = 16.12547763238175
