# Template file for configuration of individual fiber positioner unit.

# ID
POS_ID = 'M00265'
CAN_ID = 204
DEVICE_ID = -1
PETAL_ID = -1

# STATE
POS_T = 116.69119985828721
POS_P = 33.259909055023179
GENERAL_SETTINGS_FILE = '_genl_settings_DEFAULT.conf'

# CALIBRATION
LENGTH_R1 = 2.9802337955185161
LENGTH_R2 = 3.0837908821048656
OFFSET_T = -120.40293922400147
OFFSET_P = 1.226951272471041
GEAR_CALIB_T = 1.0
GEAR_CALIB_P = 1.0
GEAR_TYPE_T = 'namiki'
GEAR_TYPE_P = 'namiki'
OFFSET_X = 30.197971939171769
OFFSET_Y = 47.953179878184805
PHYSICAL_RANGE_T = 393.80550596243808
PHYSICAL_RANGE_P = 183.64258353232174
MOTOR_CCW_DIR_T = -1
MOTOR_CCW_DIR_P = -1
MOTOR_ID_T = 1
MOTOR_ID_P = 0

# HISTORY
TOTAL_MOVE_SEQUENCES = 2487
TOTAL_CRUISE_MOVES_T = 585
TOTAL_CRUISE_MOVES_P = 561
TOTAL_CREEP_MOVES_T = 6834
TOTAL_CREEP_MOVES_P = 6858
TOTAL_LIMIT_SEEKS_T = 22
TOTAL_LIMIT_SEEKS_P = 27
LAST_PRIMARY_HARDSTOP_DIR_T = -1.0
LAST_PRIMARY_HARDSTOP_DIR_P = 1.0
LAST_MOVE_CMD = 'dXdY; (auto backlash backup); (auto final creep)'
LAST_MOVE_VAL1 = '-0.0118584; 3; -3.00009'
LAST_MOVE_VAL2 = '-0.015262; -3; 2.99993'
LAST_MEAS_OBS_X = 35.99555751502167
LAST_MEAS_OBS_Y = 47.964252368591914
