# Template file for configuration of individual fiber positioner unit.

# ID
POS_ID = 'M00169'
CAN_ID = 417
DEVICE_ID = -1
PETAL_ID = -1

# STATE
POS_T = 73.148057609415147
POS_P = 39.62252074074074
GENERAL_SETTINGS_FILE = '_genl_settings_DEFAULT.conf'

# CALIBRATION
LENGTH_R1 = 3.0091580211832771
LENGTH_R2 = 3.0811666695754045
OFFSET_T = -91.830044293030682
OFFSET_P = -3.2925429529002983
GEAR_CALIB_T = 1.0
GEAR_CALIB_P = 1.0
GEAR_TYPE_T = 'namiki'
GEAR_TYPE_P = 'namiki'
OFFSET_X = 67.299450249426158
OFFSET_Y = 26.495455692731689
PHYSICAL_RANGE_T = 392.39152329968823
PHYSICAL_RANGE_P = 190.0
MOTOR_CCW_DIR_T = -1
MOTOR_CCW_DIR_P = -1
MOTOR_ID_T = 1
MOTOR_ID_P = 0

# HISTORY
TOTAL_MOVE_SEQUENCES = 2153
TOTAL_CRUISE_MOVES_T = 398
TOTAL_CRUISE_MOVES_P = 410
TOTAL_CREEP_MOVES_T = 6052
TOTAL_CREEP_MOVES_P = 6040
TOTAL_LIMIT_SEEKS_T = 5
TOTAL_LIMIT_SEEKS_P = 6
LAST_PRIMARY_HARDSTOP_DIR_T = -1.0
LAST_PRIMARY_HARDSTOP_DIR_P = 1.0
LAST_MOVE_CMD = 'dXdY; (auto backlash backup); (auto final creep)'
LAST_MOVE_VAL1 = '-0.00033612; 3; -3.0002'
LAST_MOVE_VAL2 = '-0.00211984; -3; 3.00016'
LAST_MEAS_OBS_X = 73.09881565062608
LAST_MEAS_OBS_Y = 26.495447299675124
