# Configuration file for unit M00838.

#ID
POS_ID = 'M00838'
CAN_ID = 519
DEVICE_ID = -1
PETAL_ID = -1

# STATE
POS_T = -5.9464158077560114e-05
POS_P = 180.0000981481482
GENERAL_SETTINGS_FILE = '_genl_settings_DEFAULT.conf'

# CALIBRATION
LENGTH_R1 = 3.0310735483348439
LENGTH_R2 = 3.1106241308094722
OFFSET_T = -79.368834202091037
OFFSET_P = -5.0906498296491662
GEAR_CALIB_T = 1.0
GEAR_CALIB_P = 1.0
GEAR_TYPE_T = 'namiki'
GEAR_TYPE_P = 'namiki'
OFFSET_X = 61.19278754431194
OFFSET_Y = 16.3769975760104
PHYSICAL_RANGE_T = 393.44800682955088
PHYSICAL_RANGE_P = 190.0
MOTOR_CCW_DIR_T = -1
MOTOR_CCW_DIR_P = -1
MOTOR_ID_T = 1
MOTOR_ID_P = 0

# HISTORY
TOTAL_MOVE_SEQUENCES = 871
TOTAL_CRUISE_MOVES_T = 212
TOTAL_CRUISE_MOVES_P = 225
TOTAL_CREEP_MOVES_T = 2392
TOTAL_CREEP_MOVES_P = 2379
TOTAL_LIMIT_SEEKS_T = 10
TOTAL_LIMIT_SEEKS_P = 11
LAST_PRIMARY_HARDSTOP_DIR_T = -1.0
LAST_PRIMARY_HARDSTOP_DIR_P = 1.0
LAST_MOVE_CMD = 'posTP; (auto backlash backup); (auto final creep)'
LAST_MOVE_VAL1 = '0; 3; -2.99763'
LAST_MOVE_VAL2 = '180; -3; 2.99789'
LAST_MEAS_OBS_X = 66.99250452468063
LAST_MEAS_OBS_Y = 16.37638379527233
