# Template file for configuration of individual fiber positioner unit.

# ID
POS_ID = 'M00107'
CAN_ID = 107
DEVICE_ID = -1
PETAL_ID = -1

# STATE
POS_T = 188.48300944523322
POS_P = 107.0000270536643
GENERAL_SETTINGS_FILE = '_genl_settings_DEFAULT.conf'

# CALIBRATION
LENGTH_R1 = 2.9930055761072678
LENGTH_R2 = 3.0545183586256894
OFFSET_T = -149.89357453014952
OFFSET_P = -14.643467501246079
GEAR_CALIB_T = 1.0
GEAR_CALIB_P = 1.0
GEAR_TYPE_T = 'namiki'
GEAR_TYPE_P = 'namiki'
OFFSET_X = 85.852272824718909
OFFSET_Y = 88.386306129263943
PHYSICAL_RANGE_T = 394.96602357866942
PHYSICAL_RANGE_P = 188.51142600507308
MOTOR_CCW_DIR_T = -1
MOTOR_CCW_DIR_P = -1
MOTOR_ID_T = 1
MOTOR_ID_P = 0

# HISTORY
TOTAL_MOVE_SEQUENCES = 43
TOTAL_CRUISE_MOVES_T = 30
TOTAL_CRUISE_MOVES_P = 18
TOTAL_CREEP_MOVES_T = 90
TOTAL_CREEP_MOVES_P = 102
TOTAL_LIMIT_SEEKS_T = 4
TOTAL_LIMIT_SEEKS_P = 5
LAST_PRIMARY_HARDSTOP_DIR_T = -1.0
LAST_PRIMARY_HARDSTOP_DIR_P = 1.0
LAST_MOVE_CMD = 'posTP; (auto backlash backup); (auto final creep)'
LAST_MOVE_VAL1 = '188.483; 3; -3.00243'
LAST_MOVE_VAL2 = '107; -0; -2.70537e-05'
LAST_MEAS_OBS_X = 86.75135962563613
LAST_MEAS_OBS_Y = 92.02393711293708
