# Configuration file for unit M00318.

#ID
POS_ID = 'M00318'
CAN_ID = 249
DEVICE_ID = -1
PETAL_ID = -1

# STATE
POS_T = 21.774754584662247
POS_P = 38.266103950617264
GENERAL_SETTINGS_FILE = '_genl_settings_DEFAULT.conf'

# CALIBRATION
LENGTH_R1 = 2.9555856523600208
LENGTH_R2 = 3.1150055220207773
OFFSET_T = -39.441042962397717
OFFSET_P = -3.5521296069925086
GEAR_CALIB_T = 1.0
GEAR_CALIB_P = 1.0
GEAR_TYPE_T = 'namiki'
GEAR_TYPE_P = 'namiki'
OFFSET_X = 30.761469176017521
OFFSET_Y = 16.007099066693719
PHYSICAL_RANGE_T = 394.39513354672499
PHYSICAL_RANGE_P = 190.0
MOTOR_CCW_DIR_T = -1
MOTOR_CCW_DIR_P = -1
MOTOR_ID_T = 1
MOTOR_ID_P = 0

# HISTORY
TOTAL_MOVE_SEQUENCES = 4917
TOTAL_CRUISE_MOVES_T = 1504
TOTAL_CRUISE_MOVES_P = 1392
TOTAL_CREEP_MOVES_T = 13041
TOTAL_CREEP_MOVES_P = 13153
TOTAL_LIMIT_SEEKS_T = 107
TOTAL_LIMIT_SEEKS_P = 127
LAST_PRIMARY_HARDSTOP_DIR_T = -1.0
LAST_PRIMARY_HARDSTOP_DIR_P = 1.0
LAST_MOVE_CMD = 'dXdY; (auto backlash backup); (auto final creep)'
LAST_MOVE_VAL1 = '-0.00119789; 3; -3.00016'
LAST_MOVE_VAL2 = '0.000723659; -3; 2.99999'
LAST_MEAS_OBS_X = 36.56184927444067
LAST_MEAS_OBS_Y = 16.00812089448327
