# Template file for configuration of individual fiber positioner unit.

# ID
POS_ID = 'M00086'
CAN_ID = 86
DEVICE_ID = -1
PETAL_ID = -1

# STATE
POS_T = -105.88094089167059
POS_P = 88.932495401477027
GENERAL_SETTINGS_FILE = '_genl_settings_DEFAULT.conf'

# CALIBRATION
LENGTH_R1 = 2.8799397084154874
LENGTH_R2 = 3.0531901974721372
OFFSET_T = 160.33904943049902
OFFSET_P = -4.6172564152778222
GEAR_CALIB_T = 1.0
GEAR_CALIB_P = 1.0
GEAR_TYPE_T = 'namiki'
GEAR_TYPE_P = 'namiki'
OFFSET_X = 70.226423421583362
OFFSET_Y = 51.015099581499179
PHYSICAL_RANGE_T = 392.9388417833415
PHYSICAL_RANGE_P = 186.44022368773722
MOTOR_CCW_DIR_T = -1
MOTOR_CCW_DIR_P = -1
MOTOR_ID_T = 1
MOTOR_ID_P = 0

# HISTORY
TOTAL_MOVE_SEQUENCES = 3008
TOTAL_CRUISE_MOVES_T = 1258
TOTAL_CRUISE_MOVES_P = 1063
TOTAL_CREEP_MOVES_T = 7688
TOTAL_CREEP_MOVES_P = 7883
TOTAL_LIMIT_SEEKS_T = 46
TOTAL_LIMIT_SEEKS_P = 55
LAST_PRIMARY_HARDSTOP_DIR_T = -1.0
LAST_PRIMARY_HARDSTOP_DIR_P = 1.0
LAST_MOVE_CMD = 'obsXY; (auto backlash backup); (auto final creep)'
LAST_MOVE_VAL1 = '69.6042; 3; -3.00217'
LAST_MOVE_VAL2 = '55.3707; -3; 3.00001'
LAST_MEAS_OBS_X = 69.60397750148535
LAST_MEAS_OBS_Y = 54.12518197825797
