# Template file for configuration of individual fiber positioner unit.

# ID
POS_ID = 'M00184'
CAN_ID = 331
DEVICE_ID = -1
PETAL_ID = -1

# STATE
POS_T = -194.04614961028835
POS_P = 182.16835697353167
GENERAL_SETTINGS_FILE = '_genl_settings_DEFAULT.conf'

# CALIBRATION
LENGTH_R1 = 3.0219721261008967
LENGTH_R2 = 3.1041940059341293
OFFSET_T = 5.6141939976172655
OFFSET_P = -0.63793452607069412
GEAR_CALIB_T = 1.0
GEAR_CALIB_P = 1.0
GEAR_TYPE_T = 'namiki'
GEAR_TYPE_P = 'namiki'
OFFSET_X = 53.257350051779575
OFFSET_Y = 32.135805301616706
PHYSICAL_RANGE_T = 394.09229922057671
PHYSICAL_RANGE_P = 187.03874441770876
MOTOR_CCW_DIR_T = -1
MOTOR_CCW_DIR_P = -1
MOTOR_ID_T = 1
MOTOR_ID_P = 0

# HISTORY
TOTAL_MOVE_SEQUENCES = 29927
TOTAL_CRUISE_MOVES_T = 5904
TOTAL_CRUISE_MOVES_P = 5930
TOTAL_CREEP_MOVES_T = 83648
TOTAL_CREEP_MOVES_P = 83622
TOTAL_LIMIT_SEEKS_T = 133
TOTAL_LIMIT_SEEKS_P = 159
LAST_PRIMARY_HARDSTOP_DIR_T = -1.0
LAST_PRIMARY_HARDSTOP_DIR_P = 1.0
LAST_MOVE_CMD = 'P limit seek; T limit seek; debounce direct_dtdp; debounce direct_dtdp'
LAST_MOVE_VAL1 = '0; -1; 3; 3'
LAST_MOVE_VAL2 = '1; 0; -3; -3'
LAST_MEAS_OBS_X = 59.057136052931966
LAST_MEAS_OBS_Y = 32.134860835470455
