# Template file for configuration of individual fiber positioner unit.

# ID
POS_ID = 'M00199'
CAN_ID = 307
DEVICE_ID = -1
PETAL_ID = -1

# STATE
POS_T = -0.00011498498375317467
POS_P = 180.00009814814814
GENERAL_SETTINGS_FILE = '_genl_settings_DEFAULT.conf'

# CALIBRATION
LENGTH_R1 = 3.0161696523120147
LENGTH_R2 = 3.0562965654792116
OFFSET_T = -59.359201808446024
OFFSET_P = -3.8530949753318566
GEAR_CALIB_T = 1.0
GEAR_CALIB_P = 1.0
GEAR_TYPE_T = 'namiki'
GEAR_TYPE_P = 'namiki'
OFFSET_X = 67.56509144746482
OFFSET_Y = 26.0596395184711
PHYSICAL_RANGE_T = 394.6527677477453
PHYSICAL_RANGE_P = 190.0
MOTOR_CCW_DIR_T = -1
MOTOR_CCW_DIR_P = -1
MOTOR_ID_T = 1
MOTOR_ID_P = 0

# HISTORY
TOTAL_MOVE_SEQUENCES = 2195
TOTAL_CRUISE_MOVES_T = 422
TOTAL_CRUISE_MOVES_P = 446
TOTAL_CREEP_MOVES_T = 6157
TOTAL_CREEP_MOVES_P = 6133
TOTAL_LIMIT_SEEKS_T = 12
TOTAL_LIMIT_SEEKS_P = 13
LAST_PRIMARY_HARDSTOP_DIR_T = -1.0
LAST_PRIMARY_HARDSTOP_DIR_P = 1.0
LAST_MOVE_CMD = 'posTP; (auto final creep)'
LAST_MOVE_VAL1 = '0; 0.000114985'
LAST_MOVE_VAL2 = '180; -9.81481e-05'
LAST_MEAS_OBS_X = 73.36468576668118
LAST_MEAS_OBS_Y = 26.06164715281353
