# Template file for configuration of individual fiber positioner unit.

# ID
POS_ID = 'M00286'
CAN_ID = 346
DEVICE_ID = -1
PETAL_ID = -1

# STATE
POS_T = -175.00004753086586
POS_P = -3.0000595626529574
GENERAL_SETTINGS_FILE = '_genl_settings_DEFAULT.conf'

# CALIBRATION
LENGTH_R1 = 3.0196226662420655
LENGTH_R2 = 3.0958488563386291
OFFSET_T = 9.1130390975487892
OFFSET_P = 1.7906519380590282
GEAR_CALIB_T = 1.0
GEAR_CALIB_P = 1.0
GEAR_TYPE_T = 'namiki'
GEAR_TYPE_P = 'namiki'
OFFSET_X = 35.933673906619205
OFFSET_Y = 48.760749701680282
PHYSICAL_RANGE_T = 370.0
PHYSICAL_RANGE_P = 184.73861061759902
MOTOR_CCW_DIR_T = -1
MOTOR_CCW_DIR_P = -1
MOTOR_ID_T = 1
MOTOR_ID_P = 0

# HISTORY
TOTAL_MOVE_SEQUENCES = 6339
TOTAL_CRUISE_MOVES_T = 4030
TOTAL_CRUISE_MOVES_P = 3233
TOTAL_CREEP_MOVES_T = 14936
TOTAL_CREEP_MOVES_P = 15733
TOTAL_LIMIT_SEEKS_T = 26
TOTAL_LIMIT_SEEKS_P = 32
LAST_PRIMARY_HARDSTOP_DIR_T = -1.0
LAST_PRIMARY_HARDSTOP_DIR_P = 1.0
LAST_MOVE_CMD = 'posTP; (auto backlash backup); (auto final creep)'
LAST_MOVE_VAL1 = '185; 3; -3.00387'
LAST_MOVE_VAL2 = '-3; -3; -4.15663'
LAST_MEAS_OBS_X = 38.82030138521671
LAST_MEAS_OBS_Y = 54.128011566744945
