# Template file for configuration of individual fiber positioner unit.

# ID
POS_ID = 'M00240'
CAN_ID = 69
DEVICE_ID = -1
PETAL_ID = -1

# STATE
POS_T = -9.507167230944102
POS_P = 40.455480352168678
GENERAL_SETTINGS_FILE = '_genl_settings_DEFAULT.conf'

# CALIBRATION
LENGTH_R1 = 3.1082020230495826
LENGTH_R2 = 3.0353083494677597
OFFSET_T = -9.7579873050758046
OFFSET_P = -1.9370759303414786
GEAR_CALIB_T = 1.0
GEAR_CALIB_P = 1.0
GEAR_TYPE_T = 'namiki'
GEAR_TYPE_P = 'namiki'
OFFSET_X = 44.927482490031664
OFFSET_Y = 48.524000781998289
PHYSICAL_RANGE_T = 393.40539643719671
PHYSICAL_RANGE_P = 188.38318529150359
MOTOR_CCW_DIR_T = -1
MOTOR_CCW_DIR_P = -1
MOTOR_ID_T = 1
MOTOR_ID_P = 0

# HISTORY
TOTAL_MOVE_SEQUENCES = 3534
TOTAL_CRUISE_MOVES_T = 881
TOTAL_CRUISE_MOVES_P = 867
TOTAL_CREEP_MOVES_T = 9632
TOTAL_CREEP_MOVES_P = 9646
TOTAL_LIMIT_SEEKS_T = 44
TOTAL_LIMIT_SEEKS_P = 54
LAST_PRIMARY_HARDSTOP_DIR_T = -1.0
LAST_PRIMARY_HARDSTOP_DIR_P = 1.0
LAST_MOVE_CMD = 'dXdY; (auto backlash backup); (auto final creep)'
LAST_MOVE_VAL1 = '0.000315232; 3; -2.99997'
LAST_MOVE_VAL2 = '-0.000315509; -3; 2.99995'
LAST_MEAS_OBS_X = 50.72769075712347
LAST_MEAS_OBS_Y = 48.52317568098991
