# Template file for configuration of individual fiber positioner unit.

# ID
POS_ID = 'M00063'
CAN_ID = 63
DEVICE_ID = -1
PETAL_ID = -1

# STATE
POS_T = -173.33227287654674
POS_P = 140.27606137208011
GENERAL_SETTINGS_FILE = '_genl_settings_DEFAULT.conf'

# CALIBRATION
LENGTH_R1 = 2.8555592909831069
LENGTH_R2 = 2.9617019386421912
OFFSET_T = 171.73012212349687
OFFSET_P = 0.23748277597118772
GEAR_CALIB_T = 1.0
GEAR_CALIB_P = 1.0
GEAR_TYPE_T = 'namiki'
GEAR_TYPE_P = 'namiki'
OFFSET_X = 55.367701198824449
OFFSET_Y = 29.051388722945813
PHYSICAL_RANGE_T = 394.52672180247674
PHYSICAL_RANGE_P = 186.2768524895686
MOTOR_CCW_DIR_T = -1
MOTOR_CCW_DIR_P = -1
MOTOR_ID_T = 1
MOTOR_ID_P = 0

# HISTORY
TOTAL_MOVE_SEQUENCES = 15296
TOTAL_CRUISE_MOVES_T = 5367
TOTAL_CRUISE_MOVES_P = 5705
TOTAL_CREEP_MOVES_T = 40222
TOTAL_CREEP_MOVES_P = 39884
TOTAL_LIMIT_SEEKS_T = 201
TOTAL_LIMIT_SEEKS_P = 233
LAST_PRIMARY_HARDSTOP_DIR_T = -1.0
LAST_PRIMARY_HARDSTOP_DIR_P = 1.0
LAST_MOVE_CMD = 'obsXY; (auto backlash backup); (auto final creep)'
LAST_MOVE_VAL1 = '55.9899; 3; -2.99791'
LAST_MOVE_VAL2 = '30.9181; -3; 2.99742'
LAST_MEAS_OBS_X = 55.9903281300115
LAST_MEAS_OBS_Y = 29.673332299432705
