# Template file for configuration of individual fiber positioner unit.

# ID
POS_ID = 'M00068'
CAN_ID = 105
DEVICE_ID = -1
PETAL_ID = -1

# STATE
POS_T = -53.113090607741128
POS_P = -1.6723147574957409
GENERAL_SETTINGS_FILE = '_genl_settings_DEFAULT.conf'

# CALIBRATION
LENGTH_R1 = 2.9900308042123136
LENGTH_R2 = 3.06387867209023
OFFSET_T = 9.6175846118037835
OFFSET_P = 15.886289870454714
GEAR_CALIB_T = 1.0
GEAR_CALIB_P = 1.0
GEAR_TYPE_T = 'namiki'
GEAR_TYPE_P = 'namiki'
OFFSET_X = 33.772873074715811
OFFSET_Y = 48.03446333682291
PHYSICAL_RANGE_T = 393.40758763523411
PHYSICAL_RANGE_P = 167.24184255696235
MOTOR_CCW_DIR_T = -1
MOTOR_CCW_DIR_P = -1
MOTOR_ID_T = 1
MOTOR_ID_P = 0

# HISTORY
TOTAL_MOVE_SEQUENCES = 4443
TOTAL_CRUISE_MOVES_T = 2522
TOTAL_CRUISE_MOVES_P = 2115
TOTAL_CREEP_MOVES_T = 10772
TOTAL_CREEP_MOVES_P = 11179
TOTAL_LIMIT_SEEKS_T = 23
TOTAL_LIMIT_SEEKS_P = 27
LAST_PRIMARY_HARDSTOP_DIR_T = -1.0
LAST_PRIMARY_HARDSTOP_DIR_P = 1.0
LAST_MOVE_CMD = 'dXdY; (auto backlash backup); (auto final creep)'
LAST_MOVE_VAL1 = '0.312881; 3; -3.00328'
LAST_MOVE_VAL2 = '-2.25848; -0; -0.000103668'
LAST_MEAS_OBS_X = 39.489655929956626
LAST_MEAS_OBS_Y = 49.64617854191882
