# Template file for configuration of individual fiber positioner unit.

# ID
POS_ID = 'M00254'
CAN_ID = 261
DEVICE_ID = -1
PETAL_ID = -1

# STATE
POS_T = -149.93207290510924
POS_P = 41.374657901234492
GENERAL_SETTINGS_FILE = '_genl_settings_DEFAULT.conf'

# CALIBRATION
LENGTH_R1 = 3.0678776310317297
LENGTH_R2 = 3.0399080008695023
OFFSET_T = 126.12956909519669
OFFSET_P = -4.3236657366286835
GEAR_CALIB_T = 1.0
GEAR_CALIB_P = 1.0
GEAR_TYPE_T = 'namiki'
GEAR_TYPE_P = 'namiki'
OFFSET_X = 37.964085021626865
OFFSET_Y = 32.317645003255471
PHYSICAL_RANGE_T = 393.94408976083588
PHYSICAL_RANGE_P = 190.0
MOTOR_CCW_DIR_T = -1
MOTOR_CCW_DIR_P = -1
MOTOR_ID_T = 1
MOTOR_ID_P = 0

# HISTORY
TOTAL_MOVE_SEQUENCES = 2543
TOTAL_CRUISE_MOVES_T = 550
TOTAL_CRUISE_MOVES_P = 552
TOTAL_CREEP_MOVES_T = 7045
TOTAL_CREEP_MOVES_P = 7043
TOTAL_LIMIT_SEEKS_T = 19
TOTAL_LIMIT_SEEKS_P = 23
LAST_PRIMARY_HARDSTOP_DIR_T = -1.0
LAST_PRIMARY_HARDSTOP_DIR_P = 1.0
LAST_MOVE_CMD = 'dXdY; (auto backlash backup); (auto final creep)'
LAST_MOVE_VAL1 = '0.00025665; 3; -2.99996'
LAST_MOVE_VAL2 = '0.0108205; -3; 2.99999'
LAST_MEAS_OBS_X = 43.764250760603076
LAST_MEAS_OBS_Y = 32.308363221337544
