# Template file for configuration of individual fiber positioner unit.

# ID
POS_ID = 'M00240'
CAN_ID = 69
DEVICE_ID = -1
PETAL_ID = -1

# STATE
POS_T = -10.577383076116888
POS_P = 39.901853388788155
GENERAL_SETTINGS_FILE = '_genl_settings_DEFAULT.conf'

# CALIBRATION
LENGTH_R1 = 3.1073989467003251
LENGTH_R2 = 3.034540962166584
OFFSET_T = -8.8299057079406253
OFFSET_P = -1.4648358130152417
GEAR_CALIB_T = 1.0
GEAR_CALIB_P = 1.0
GEAR_TYPE_T = 'namiki'
GEAR_TYPE_P = 'namiki'
OFFSET_X = 44.930317360421256
OFFSET_Y = 48.51607830846342
PHYSICAL_RANGE_T = 393.35587899174004
PHYSICAL_RANGE_P = 188.16170500675696
MOTOR_CCW_DIR_T = -1
MOTOR_CCW_DIR_P = -1
MOTOR_ID_T = 1
MOTOR_ID_P = 0

# HISTORY
TOTAL_MOVE_SEQUENCES = 2878
TOTAL_CRUISE_MOVES_T = 661
TOTAL_CRUISE_MOVES_P = 659
TOTAL_CREEP_MOVES_T = 7920
TOTAL_CREEP_MOVES_P = 7922
TOTAL_LIMIT_SEEKS_T = 28
TOTAL_LIMIT_SEEKS_P = 34
LAST_PRIMARY_HARDSTOP_DIR_T = -1.0
LAST_PRIMARY_HARDSTOP_DIR_P = 1.0
LAST_MOVE_CMD = 'dXdY; (auto backlash backup); (auto final creep)'
LAST_MOVE_VAL1 = '7.04349e-05; 3; -2.99994'
LAST_MOVE_VAL2 = '-0.000528314; -3; 3'
LAST_MEAS_OBS_X = 50.73023879336759
LAST_MEAS_OBS_Y = 48.51725739222763
