# Template file for configuration of individual fiber positioner unit.

# ID
POS_ID = 'M00191'
CAN_ID = 446
DEVICE_ID = -1
PETAL_ID = -1

# STATE
POS_T = -0.0001294297690321855
POS_P = 180.00009814814814
GENERAL_SETTINGS_FILE = '_genl_settings_DEFAULT.conf'

# CALIBRATION
LENGTH_R1 = 2.8788958067806334
LENGTH_R2 = 3.05543572849406
OFFSET_T = 16.641548369833778
OFFSET_P = -7.697605722814103
GEAR_CALIB_T = 1.0
GEAR_CALIB_P = 1.0
GEAR_TYPE_T = 'namiki'
GEAR_TYPE_P = 'namiki'
OFFSET_X = 30.056104920181568
OFFSET_Y = 10.091042901165633
PHYSICAL_RANGE_T = 392.38874256324186
PHYSICAL_RANGE_P = 190.0
MOTOR_CCW_DIR_T = -1
MOTOR_CCW_DIR_P = -1
MOTOR_ID_T = 1
MOTOR_ID_P = 0

# HISTORY
TOTAL_MOVE_SEQUENCES = 2196
TOTAL_CRUISE_MOVES_T = 433
TOTAL_CRUISE_MOVES_P = 457
TOTAL_CREEP_MOVES_T = 6149
TOTAL_CREEP_MOVES_P = 6125
TOTAL_LIMIT_SEEKS_T = 12
TOTAL_LIMIT_SEEKS_P = 13
LAST_PRIMARY_HARDSTOP_DIR_T = -1.0
LAST_PRIMARY_HARDSTOP_DIR_P = 1.0
LAST_MOVE_CMD = 'posTP; (auto final creep)'
LAST_MOVE_VAL1 = '0; 0.00012943'
LAST_MOVE_VAL2 = '180; -9.81481e-05'
LAST_MEAS_OBS_X = 35.85605308914545
LAST_MEAS_OBS_Y = 10.091523936504954
