# Configuration file for unit M00480.

#ID
POS_ID = 'M00480'
CAN_ID = 428
DEVICE_ID = -1
PETAL_ID = -1

# STATE
POS_T = 119.36391429670772
POS_P = 26.918749673859516
GENERAL_SETTINGS_FILE = '_genl_settings_DEFAULT.conf'

# CALIBRATION
LENGTH_R1 = 2.8860871649876656
LENGTH_R2 = 3.0170734244437822
OFFSET_T = -130.9543521928332
OFFSET_P = -4.3611872153920217
GEAR_CALIB_T = 1.0
GEAR_CALIB_P = 1.0
GEAR_TYPE_T = 'namiki'
GEAR_TYPE_P = 'namiki'
OFFSET_X = 76.317893733755611
OFFSET_Y = 48.961410764059444
PHYSICAL_RANGE_T = 392.84946078930045
PHYSICAL_RANGE_P = 186.22607648812334
MOTOR_CCW_DIR_T = -1
MOTOR_CCW_DIR_P = -1
MOTOR_ID_T = 1
MOTOR_ID_P = 0

# HISTORY
TOTAL_MOVE_SEQUENCES = 1875
TOTAL_CRUISE_MOVES_T = 468
TOTAL_CRUISE_MOVES_P = 459
TOTAL_CREEP_MOVES_T = 5132
TOTAL_CREEP_MOVES_P = 5141
TOTAL_LIMIT_SEEKS_T = 15
TOTAL_LIMIT_SEEKS_P = 18
LAST_PRIMARY_HARDSTOP_DIR_T = -1.0
LAST_PRIMARY_HARDSTOP_DIR_P = 1.0
LAST_MOVE_CMD = 'dXdY; (auto backlash backup); (auto final creep)'
LAST_MOVE_VAL1 = '-0.000204246; 3; -3.00013'
LAST_MOVE_VAL2 = '-6.62114e-05; -3; 3.00019'
LAST_MEAS_OBS_X = 82.11731462716311
LAST_MEAS_OBS_Y = 48.96140128878389
