# M00012

# ID
POS_ID = 'M00012'
CAN_ID = 84
DEVICE_ID = -1
PETAL_ID = -1

# STATE
POS_T = -71.652791645939601
POS_P = 43.003828969843795
GENERAL_SETTINGS_FILE = '_genl_settings_DEFAULT.conf'

# CALIBRATION
LENGTH_R1 = 3.0464588329944817
LENGTH_R2 = 3.0510529295560631
OFFSET_T = 53.53492729581739
OFFSET_P = -1.4725878707535642
GEAR_CALIB_T = 1.0
GEAR_CALIB_P = 1.0
GEAR_TYPE_T = 'namiki'
GEAR_TYPE_P = 'namiki'
OFFSET_X = 59.845887264674367
OFFSET_Y = 52.164472342073125
PHYSICAL_RANGE_T = 391.85460329187913
PHYSICAL_RANGE_P = 187.94606929239711
MOTOR_CCW_DIR_T = -1
MOTOR_CCW_DIR_P = -1
MOTOR_ID_T = 1
MOTOR_ID_P = 0

# HISTORY
TOTAL_MOVE_SEQUENCES = 19852
TOTAL_CRUISE_MOVES_T = 6150
TOTAL_CRUISE_MOVES_P = 7840
TOTAL_CREEP_MOVES_T = 53363
TOTAL_CREEP_MOVES_P = 51673
TOTAL_LIMIT_SEEKS_T = 47
TOTAL_LIMIT_SEEKS_P = 53
LAST_PRIMARY_HARDSTOP_DIR_T = -1.0
LAST_PRIMARY_HARDSTOP_DIR_P = 1.0
LAST_MOVE_CMD = 'dXdY; (auto backlash backup); (auto final creep)'
LAST_MOVE_VAL1 = '-0.0026814; 3; -3.00002'
LAST_MOVE_VAL2 = '0.000342567; -3; 3.00004'
LAST_MEAS_OBS_X = 65.64644614222803
LAST_MEAS_OBS_Y = 52.16918918822764
