# Configuration file for unit M00318.

#ID
POS_ID = 'M00318'
CAN_ID = 249
DEVICE_ID = -1
PETAL_ID = -1

# STATE
POS_T = 24.242584920120372
POS_P = 39.313058518518517
GENERAL_SETTINGS_FILE = '_genl_settings_DEFAULT.conf'

# CALIBRATION
LENGTH_R1 = 2.9532443652197848
LENGTH_R2 = 3.1149083176111931
OFFSET_T = -41.85189585264861
OFFSET_P = -4.6802690485518923
GEAR_CALIB_T = 1.0
GEAR_CALIB_P = 1.0
GEAR_TYPE_T = 'namiki'
GEAR_TYPE_P = 'namiki'
OFFSET_X = 30.76209704839351
OFFSET_Y = 16.014641218990523
PHYSICAL_RANGE_T = 394.68772448074691
PHYSICAL_RANGE_P = 190.0
MOTOR_CCW_DIR_T = -1
MOTOR_CCW_DIR_P = -1
MOTOR_ID_T = 1
MOTOR_ID_P = 0

# HISTORY
TOTAL_MOVE_SEQUENCES = 4097
TOTAL_CRUISE_MOVES_T = 1229
TOTAL_CRUISE_MOVES_P = 1127
TOTAL_CREEP_MOVES_T = 10901
TOTAL_CREEP_MOVES_P = 11003
TOTAL_LIMIT_SEEKS_T = 87
TOTAL_LIMIT_SEEKS_P = 102
LAST_PRIMARY_HARDSTOP_DIR_T = -1.0
LAST_PRIMARY_HARDSTOP_DIR_P = 1.0
LAST_MOVE_CMD = 'dXdY; (auto backlash backup); (auto final creep)'
LAST_MOVE_VAL1 = '0.000713827; 3; -3.00011'
LAST_MOVE_VAL2 = '0.000423322; -3; 3.00004'
LAST_MEAS_OBS_X = 36.56296923507073
LAST_MEAS_OBS_Y = 16.01359370869144
