# Configuration file for unit M00323.

#ID
POS_ID = 'M00323'
CAN_ID = 88
DEVICE_ID = -1
PETAL_ID = -1

# STATE
POS_T = -174.99988639130592
POS_P = -2.9999719753087248
GENERAL_SETTINGS_FILE = '_genl_settings_DEFAULT.conf'

# CALIBRATION
LENGTH_R1 = 3.0483648738340539
LENGTH_R2 = 3.0503694311530878
OFFSET_T = -14.832451715752839
OFFSET_P = -3.4719117500661412
GEAR_CALIB_T = 1.0
GEAR_CALIB_P = 1.0
GEAR_TYPE_T = 'namiki'
GEAR_TYPE_P = 'namiki'
OFFSET_X = 28.559087338680019
OFFSET_Y = 32.162431952200649
PHYSICAL_RANGE_T = 394.54560463446285
PHYSICAL_RANGE_P = 190.0
MOTOR_CCW_DIR_T = -1
MOTOR_CCW_DIR_P = -1
MOTOR_ID_T = 1
MOTOR_ID_P = 0

# HISTORY
TOTAL_MOVE_SEQUENCES = 6841
TOTAL_CRUISE_MOVES_T = 1919
TOTAL_CRUISE_MOVES_P = 1622
TOTAL_CREEP_MOVES_T = 18524
TOTAL_CREEP_MOVES_P = 18821
TOTAL_LIMIT_SEEKS_T = 39
TOTAL_LIMIT_SEEKS_P = 48
LAST_PRIMARY_HARDSTOP_DIR_T = -1.0
LAST_PRIMARY_HARDSTOP_DIR_P = 1.0
LAST_MOVE_CMD = 'posTP; (auto backlash backup); (auto final creep)'
LAST_MOVE_VAL1 = '185; 3; -2.9984'
LAST_MOVE_VAL2 = '-3; -3; -4.10277'
LAST_MEAS_OBS_X = 34.349339048841614
LAST_MEAS_OBS_Y = 32.16402875457848
