# Template file for configuration of individual fiber positioner unit.

# ID
POS_ID = 'M00273'
CAN_ID = 212
DEVICE_ID = -1
PETAL_ID = -1

# STATE
POS_T = -193.15144392407663
POS_P = 180.38770769276525
GENERAL_SETTINGS_FILE = '_genl_settings_DEFAULT.conf'

# CALIBRATION
LENGTH_R1 = 2.9896193138800262
LENGTH_R2 = 3.0822574958542401
OFFSET_T = 36.460711547081296
OFFSET_P = 0.42659596324045879
GEAR_CALIB_T = 1.0
GEAR_CALIB_P = 1.0
GEAR_TYPE_T = 'namiki'
GEAR_TYPE_P = 'namiki'
OFFSET_X = 75.136653546096625
OFFSET_Y = 48.844523070771309
PHYSICAL_RANGE_T = 392.30288784815326
PHYSICAL_RANGE_P = 185.24010878057095
MOTOR_CCW_DIR_T = -1
MOTOR_CCW_DIR_P = -1
MOTOR_ID_T = 1
MOTOR_ID_P = 0

# HISTORY
TOTAL_MOVE_SEQUENCES = 2980
TOTAL_CRUISE_MOVES_T = 584
TOTAL_CRUISE_MOVES_P = 577
TOTAL_CREEP_MOVES_T = 8338
TOTAL_CREEP_MOVES_P = 8345
TOTAL_LIMIT_SEEKS_T = 10
TOTAL_LIMIT_SEEKS_P = 12
LAST_PRIMARY_HARDSTOP_DIR_T = -1.0
LAST_PRIMARY_HARDSTOP_DIR_P = 1.0
LAST_MOVE_CMD = 'P limit seek; T limit seek; debounce direct_dtdp; debounce direct_dtdp'
LAST_MOVE_VAL1 = '0; -1; 3; 3'
LAST_MOVE_VAL2 = '1; 0; -3; -3'
LAST_MEAS_OBS_X = 80.93741904283787
LAST_MEAS_OBS_Y = 48.84316990552488
