# Template file for configuration of individual fiber positioner unit.

# ID
POS_ID = 'M00277'
CAN_ID = 99
DEVICE_ID = -1
PETAL_ID = -1

# STATE
POS_T = -0.00013010057651285933
POS_P = 179.99992247000583
GENERAL_SETTINGS_FILE = '_genl_settings_DEFAULT.conf'

# CALIBRATION
LENGTH_R1 = 3.0149011968662554
LENGTH_R2 = 3.086855198697748
OFFSET_T = -124.80865931216071
OFFSET_P = -1.1137468848634784
GEAR_CALIB_T = 1.0
GEAR_CALIB_P = 1.0
GEAR_TYPE_T = 'namiki'
GEAR_TYPE_P = 'namiki'
OFFSET_X = 69.3226676743522
OFFSET_Y = 32.090795071588154
PHYSICAL_RANGE_T = 394.40499106535066
PHYSICAL_RANGE_P = 187.60750555019916
MOTOR_CCW_DIR_T = -1
MOTOR_CCW_DIR_P = -1
MOTOR_ID_T = 1
MOTOR_ID_P = 0

# HISTORY
TOTAL_MOVE_SEQUENCES = 123
TOTAL_CRUISE_MOVES_T = 69
TOTAL_CRUISE_MOVES_P = 60
TOTAL_CREEP_MOVES_T = 282
TOTAL_CREEP_MOVES_P = 291
TOTAL_LIMIT_SEEKS_T = 10
TOTAL_LIMIT_SEEKS_P = 12
LAST_PRIMARY_HARDSTOP_DIR_T = -1.0
LAST_PRIMARY_HARDSTOP_DIR_P = 1.0
LAST_MOVE_CMD = 'posTP; (auto final creep)'
LAST_MOVE_VAL1 = '0; 0.000130101'
LAST_MOVE_VAL2 = '180; 7.753e-05'
LAST_MEAS_OBS_X = 63.52261310979113
LAST_MEAS_OBS_Y = 32.09159300942972
