# Template file for configuration of individual fiber positioner unit.

# ID
POS_ID = 'M00055'
CAN_ID = 74
DEVICE_ID = -1
PETAL_ID = -1

# STATE
POS_T = 150.23970766708675
POS_P = 47.621033026035555
GENERAL_SETTINGS_FILE = '_genl_settings_DEFAULT.conf'

# CALIBRATION
LENGTH_R1 = 2.985250225779293
LENGTH_R2 = 2.9998578575180983
OFFSET_T = -141.37387381302503
OFFSET_P = 5.819092502846669
GEAR_CALIB_T = 1.0
GEAR_CALIB_P = 1.0
GEAR_TYPE_T = 'namiki'
GEAR_TYPE_P = 'namiki'
OFFSET_X = 26.60676842282089
OFFSET_Y = 10.332697963223632
PHYSICAL_RANGE_T = 393.18061997447023
PHYSICAL_RANGE_P = 183.28526493464156
MOTOR_CCW_DIR_T = -1
MOTOR_CCW_DIR_P = -1
MOTOR_ID_T = 1
MOTOR_ID_P = 0

# HISTORY
TOTAL_MOVE_SEQUENCES = 6481
TOTAL_CRUISE_MOVES_T = 1885
TOTAL_CRUISE_MOVES_P = 2098
TOTAL_CREEP_MOVES_T = 17441
TOTAL_CREEP_MOVES_P = 17228
TOTAL_LIMIT_SEEKS_T = 80
TOTAL_LIMIT_SEEKS_P = 95
LAST_PRIMARY_HARDSTOP_DIR_T = -1.0
LAST_PRIMARY_HARDSTOP_DIR_P = 1.0
LAST_MOVE_CMD = 'dXdY; (auto backlash backup); (auto final creep)'
LAST_MOVE_VAL1 = '-0.00139357; 3; -3.00005'
LAST_MOVE_VAL2 = '0.00101297; -3; 3.00003'
LAST_MEAS_OBS_X = 30.96119994972244
LAST_MEAS_OBS_Y = 13.444216131343207
