# Configuration file for unit M00333.

#ID
POS_ID = 'M00333'
CAN_ID = 57
DEVICE_ID = -1
PETAL_ID = -1

# STATE
POS_T = -193.90585423725935
POS_P = 181.4174869994147
GENERAL_SETTINGS_FILE = '_genl_settings_DEFAULT.conf'

# CALIBRATION
LENGTH_R1 = 3.0467383217477972
LENGTH_R2 = 3.0822122308091071
OFFSET_T = 3.6667496658202019
OFFSET_P = 1.9655549700516133
GEAR_CALIB_T = 1.0
GEAR_CALIB_P = 1.0
GEAR_TYPE_T = 'namiki'
GEAR_TYPE_P = 'namiki'
OFFSET_X = 45.476413519165341
OFFSET_Y = 47.864630917168668
PHYSICAL_RANGE_T = 393.8117084745187
PHYSICAL_RANGE_P = 186.28028989839871
MOTOR_CCW_DIR_T = -1
MOTOR_CCW_DIR_P = -1
MOTOR_ID_T = 1
MOTOR_ID_P = 0

# HISTORY
TOTAL_MOVE_SEQUENCES = 2172
TOTAL_CRUISE_MOVES_T = 417
TOTAL_CRUISE_MOVES_P = 428
TOTAL_CREEP_MOVES_T = 6091
TOTAL_CREEP_MOVES_P = 6080
TOTAL_LIMIT_SEEKS_T = 9
TOTAL_LIMIT_SEEKS_P = 10
LAST_PRIMARY_HARDSTOP_DIR_T = -1.0
LAST_PRIMARY_HARDSTOP_DIR_P = 1.0
LAST_MOVE_CMD = 'P limit seek; T limit seek; debounce direct_dtdp; debounce direct_dtdp'
LAST_MOVE_VAL1 = '0; -1; 3; 3'
LAST_MOVE_VAL2 = '1; 0; -3; -3'
LAST_MEAS_OBS_X = 51.276428367249395
LAST_MEAS_OBS_Y = 47.86503627903409
