# Template file for configuration of individual fiber positioner unit.

# ID
POS_ID = 'M00187'
CAN_ID = 398
DEVICE_ID = -1
PETAL_ID = -1

# STATE
POS_T = 115.95609907444782
POS_P = 37.21681664485935
GENERAL_SETTINGS_FILE = '_genl_settings_DEFAULT.conf'

# CALIBRATION
LENGTH_R1 = 2.9965359247283203
LENGTH_R2 = 3.0665628886361249
OFFSET_T = -133.17036948275933
OFFSET_P = -3.4721565957281655
GEAR_CALIB_T = 1.0
GEAR_CALIB_P = 1.0
GEAR_TYPE_T = 'namiki'
GEAR_TYPE_P = 'namiki'
OFFSET_X = 29.2626800291732
OFFSET_Y = 41.742096487067116
PHYSICAL_RANGE_T = 392.01212604863599
PHYSICAL_RANGE_P = 186.96967100927364
MOTOR_CCW_DIR_T = -1
MOTOR_CCW_DIR_P = -1
MOTOR_ID_T = 1
MOTOR_ID_P = 0

# HISTORY
TOTAL_MOVE_SEQUENCES = 2192
TOTAL_CRUISE_MOVES_T = 439
TOTAL_CRUISE_MOVES_P = 429
TOTAL_CREEP_MOVES_T = 6119
TOTAL_CREEP_MOVES_P = 6129
TOTAL_LIMIT_SEEKS_T = 8
TOTAL_LIMIT_SEEKS_P = 10
LAST_PRIMARY_HARDSTOP_DIR_T = -1.0
LAST_PRIMARY_HARDSTOP_DIR_P = 1.0
LAST_MOVE_CMD = 'dXdY; (auto backlash backup); (auto final creep)'
LAST_MOVE_VAL1 = '-0.000572517; 3; -2.99999'
LAST_MOVE_VAL2 = '0.000939294; -3; 3.00018'
LAST_MEAS_OBS_X = 35.06264428326597
LAST_MEAS_OBS_Y = 41.74276050557296
