# Configuration file for unit M00318.

#ID
POS_ID = 'M00318'
CAN_ID = 249
DEVICE_ID = -1
PETAL_ID = -1

# STATE
POS_T = 26.976566642047228
POS_P = 39.377974444444348
GENERAL_SETTINGS_FILE = '_genl_settings_DEFAULT.conf'

# CALIBRATION
LENGTH_R1 = 2.9545332070791304
LENGTH_R2 = 3.1149899035565998
OFFSET_T = -44.639422537521106
OFFSET_P = -4.7362917093478956
GEAR_CALIB_T = 1.0
GEAR_CALIB_P = 1.0
GEAR_TYPE_T = 'namiki'
GEAR_TYPE_P = 'namiki'
OFFSET_X = 30.76119836310485
OFFSET_Y = 16.007169593325177
PHYSICAL_RANGE_T = 394.19012745664588
PHYSICAL_RANGE_P = 190.0
MOTOR_CCW_DIR_T = -1
MOTOR_CCW_DIR_P = -1
MOTOR_ID_T = 1
MOTOR_ID_P = 0

# HISTORY
TOTAL_MOVE_SEQUENCES = 4425
TOTAL_CRUISE_MOVES_T = 1339
TOTAL_CRUISE_MOVES_P = 1233
TOTAL_CREEP_MOVES_T = 11757
TOTAL_CREEP_MOVES_P = 11863
TOTAL_LIMIT_SEEKS_T = 95
TOTAL_LIMIT_SEEKS_P = 112
LAST_PRIMARY_HARDSTOP_DIR_T = -1.0
LAST_PRIMARY_HARDSTOP_DIR_P = 1.0
LAST_MOVE_CMD = 'dXdY; (auto backlash backup); (auto final creep)'
LAST_MOVE_VAL1 = '-0.000240228; 3; -2.99997'
LAST_MOVE_VAL2 = '-0.000185849; -3; 2.99993'
LAST_MEAS_OBS_X = 36.56100381462882
LAST_MEAS_OBS_Y = 16.007977402662
