# Template file for configuration of individual fiber positioner unit.

# ID
POS_ID = 'M00175'
CAN_ID = 195
DEVICE_ID = -1
PETAL_ID = -1

# STATE
POS_T = 64.232301982727009
POS_P = 35.859069558023386
GENERAL_SETTINGS_FILE = '_genl_settings_DEFAULT.conf'

# CALIBRATION
LENGTH_R1 = 3.022479548643159
LENGTH_R2 = 3.0353190321260133
OFFSET_T = -85.512376022174848
OFFSET_P = -0.3078736687673711
GEAR_CALIB_T = 1.0
GEAR_CALIB_P = 1.0
GEAR_TYPE_T = 'namiki'
GEAR_TYPE_P = 'namiki'
OFFSET_X = 59.980662503906878
OFFSET_Y = 51.948149158238316
PHYSICAL_RANGE_T = 392.22679850368195
PHYSICAL_RANGE_P = 183.50350971692097
MOTOR_CCW_DIR_T = -1
MOTOR_CCW_DIR_P = -1
MOTOR_ID_T = 1
MOTOR_ID_P = 0

# HISTORY
TOTAL_MOVE_SEQUENCES = 4915
TOTAL_CRUISE_MOVES_T = 3936
TOTAL_CRUISE_MOVES_P = 3643
TOTAL_CREEP_MOVES_T = 10537
TOTAL_CREEP_MOVES_P = 10830
TOTAL_LIMIT_SEEKS_T = 134
TOTAL_LIMIT_SEEKS_P = 165
LAST_PRIMARY_HARDSTOP_DIR_T = -1.0
LAST_PRIMARY_HARDSTOP_DIR_P = 1.0
LAST_MOVE_CMD = 'dXdY; (auto backlash backup); (auto final creep)'
LAST_MOVE_VAL1 = '-0.00231898; 3; -3.00312'
LAST_MOVE_VAL2 = '0.00163876; -3; 3.00292'
LAST_MEAS_OBS_X = 65.7803963846181
LAST_MEAS_OBS_Y = 51.94757480197967
