# Configuration file for M00096

# ID
POS_ID = 'M00096'
CAN_ID = 96
DEVICE_ID = -1
PETAL_ID = -1

# STATE
POS_T = 36.863884330486592
POS_P = 147.9817256790123
GENERAL_SETTINGS_FILE = '_genl_settings_DEFAULT.conf'

# CALIBRATION
LENGTH_R1 = 2.8993499717154965
LENGTH_R2 = 3.0416517959900222
OFFSET_T = -39.918245425656742
OFFSET_P = -6.5706524087784715
GEAR_CALIB_T = 1.0
GEAR_CALIB_P = 1.0
GEAR_TYPE_T = 'namiki'
GEAR_TYPE_P = 'namiki'
OFFSET_X = 24.361359148982537
OFFSET_Y = 43.695315606631667
PHYSICAL_RANGE_T = 392.2368404748305
PHYSICAL_RANGE_P = 190.0
MOTOR_CCW_DIR_T = -1
MOTOR_CCW_DIR_P = -1
MOTOR_ID_T = 1
MOTOR_ID_P = 0

# HISTORY
TOTAL_MOVE_SEQUENCES = 7882
TOTAL_CRUISE_MOVES_T = 3370
TOTAL_CRUISE_MOVES_P = 2909
TOTAL_CREEP_MOVES_T = 20068
TOTAL_CREEP_MOVES_P = 20529
TOTAL_LIMIT_SEEKS_T = 138
TOTAL_LIMIT_SEEKS_P = 159
LAST_PRIMARY_HARDSTOP_DIR_T = -1.0
LAST_PRIMARY_HARDSTOP_DIR_P = 1.0
LAST_MOVE_CMD = 'obsXY; (auto backlash backup); (auto final creep)'
LAST_MOVE_VAL1 = '24.9836; 3; -3.00398'
LAST_MOVE_VAL2 = '45.562; -3; 3.0047'
LAST_MEAS_OBS_X = 24.98303918537673
LAST_MEAS_OBS_Y = 44.316901828681296
