# Template file for configuration of individual fiber positioner unit.

# ID
POS_ID = 'M00064'
CAN_ID = 117
DEVICE_ID = -1
PETAL_ID = -1

# STATE
POS_T = 31.274731837164971
POS_P = 37.469624074073749
GENERAL_SETTINGS_FILE = '_genl_settings_DEFAULT.conf'

# CALIBRATION
LENGTH_R1 = 2.8761589796023053
LENGTH_R2 = 3.096956724140945
OFFSET_T = -45.766013138064231
OFFSET_P = -8.9808619158773553
GEAR_CALIB_T = 1.0
GEAR_CALIB_P = 1.0
GEAR_TYPE_T = 'namiki'
GEAR_TYPE_P = 'namiki'
OFFSET_X = 71.973668262661718
OFFSET_Y = 32.240049944474535
PHYSICAL_RANGE_T = 394.27771015282963
PHYSICAL_RANGE_P = 190.0
MOTOR_CCW_DIR_T = -1
MOTOR_CCW_DIR_P = -1
MOTOR_ID_T = 1
MOTOR_ID_P = 0

# HISTORY
TOTAL_MOVE_SEQUENCES = 4498
TOTAL_CRUISE_MOVES_T = 934
TOTAL_CRUISE_MOVES_P = 939
TOTAL_CREEP_MOVES_T = 12516
TOTAL_CREEP_MOVES_P = 12511
TOTAL_LIMIT_SEEKS_T = 28
TOTAL_LIMIT_SEEKS_P = 33
LAST_PRIMARY_HARDSTOP_DIR_T = -1.0
LAST_PRIMARY_HARDSTOP_DIR_P = 1.0
LAST_MOVE_CMD = 'dXdY; (auto backlash backup); (auto final creep)'
LAST_MOVE_VAL1 = '-0.000561822; 3; -3.00012'
LAST_MOVE_VAL2 = '0.000547748; -3; 3.00017'
LAST_MEAS_OBS_X = 77.7733367779374
LAST_MEAS_OBS_Y = 32.24213717512471
