# Configuration file for unit M00356.

#ID
POS_ID = 'M00356'
CAN_ID = 178
DEVICE_ID = -1
PETAL_ID = -1

# STATE
POS_T = 72.311758107438337
POS_P = 43.013562716049385
GENERAL_SETTINGS_FILE = '_genl_settings_DEFAULT.conf'

# CALIBRATION
LENGTH_R1 = 3.0121620358572945
LENGTH_R2 = 3.1039010409004502
OFFSET_T = -91.241734730574279
OFFSET_P = -5.5237013525749674
GEAR_CALIB_T = 1.0
GEAR_CALIB_P = 1.0
GEAR_TYPE_T = 'namiki'
GEAR_TYPE_P = 'namiki'
OFFSET_X = 75.543953493297153
OFFSET_Y = 16.625433877458349
PHYSICAL_RANGE_T = 390.92088724191342
PHYSICAL_RANGE_P = 190.0
MOTOR_CCW_DIR_T = -1
MOTOR_CCW_DIR_P = -1
MOTOR_ID_T = 1
MOTOR_ID_P = 0

# HISTORY
TOTAL_MOVE_SEQUENCES = 3313
TOTAL_CRUISE_MOVES_T = 873
TOTAL_CRUISE_MOVES_P = 843
TOTAL_CREEP_MOVES_T = 8958
TOTAL_CREEP_MOVES_P = 8988
TOTAL_LIMIT_SEEKS_T = 56
TOTAL_LIMIT_SEEKS_P = 65
LAST_PRIMARY_HARDSTOP_DIR_T = -1.0
LAST_PRIMARY_HARDSTOP_DIR_P = 1.0
LAST_MOVE_CMD = 'dXdY; (auto backlash backup); (auto final creep)'
LAST_MOVE_VAL1 = '0.000662252; 3; -3.00013'
LAST_MOVE_VAL2 = '0.00252268; -3; 3.00005'
LAST_MEAS_OBS_X = 81.34582231483154
LAST_MEAS_OBS_Y = 16.626311595105143
