# Template file for configuration of individual fiber positioner unit.

# ID
POS_ID = 'M00245'
CAN_ID = 180
DEVICE_ID = -1
PETAL_ID = -1

# STATE
POS_T = -8.3824115213059009
POS_P = 40.96470938271608
GENERAL_SETTINGS_FILE = '_genl_settings_DEFAULT.conf'

# CALIBRATION
LENGTH_R1 = 3.0223132039969207
LENGTH_R2 = 3.0473745184337697
OFFSET_T = -9.0393484620097269
OFFSET_P = -6.4924425488854922
GEAR_CALIB_T = 1.0
GEAR_CALIB_P = 1.0
GEAR_TYPE_T = 'namiki'
GEAR_TYPE_P = 'namiki'
OFFSET_X = 23.165714664076752
OFFSET_Y = 32.096392060822929
PHYSICAL_RANGE_T = 396.16775020310575
PHYSICAL_RANGE_P = 190.0
MOTOR_CCW_DIR_T = -1
MOTOR_CCW_DIR_P = -1
MOTOR_ID_T = 1
MOTOR_ID_P = 0

# HISTORY
TOTAL_MOVE_SEQUENCES = 3048
TOTAL_CRUISE_MOVES_T = 805
TOTAL_CRUISE_MOVES_P = 760
TOTAL_CREEP_MOVES_T = 8275
TOTAL_CREEP_MOVES_P = 8320
TOTAL_LIMIT_SEEKS_T = 32
TOTAL_LIMIT_SEEKS_P = 38
LAST_PRIMARY_HARDSTOP_DIR_T = -1.0
LAST_PRIMARY_HARDSTOP_DIR_P = 1.0
LAST_MOVE_CMD = 'dXdY; (auto backlash backup); (auto final creep)'
LAST_MOVE_VAL1 = '-0.000103106; 3; -3.00013'
LAST_MOVE_VAL2 = '0.00440989; -3; 3.00018'
LAST_MEAS_OBS_X = 28.96655594703797
LAST_MEAS_OBS_Y = 32.09341456008415
