# Template file for configuration of individual fiber positioner unit.

# ID
POS_ID = 'M00264'
CAN_ID = 286
DEVICE_ID = -1
PETAL_ID = -1

# STATE
POS_T = -26.004804374794549
POS_P = 35.544081358024698
GENERAL_SETTINGS_FILE = '_genl_settings_DEFAULT.conf'

# CALIBRATION
LENGTH_R1 = 3.0425856399807349
LENGTH_R2 = 2.9498115384733254
OFFSET_T = 11.453974111555553
OFFSET_P = -5.806210927534579
GEAR_CALIB_T = 1.0
GEAR_CALIB_P = 1.0
GEAR_TYPE_T = 'namiki'
GEAR_TYPE_P = 'namiki'
OFFSET_X = 67.946550366129543
OFFSET_Y = 32.04259170996599
PHYSICAL_RANGE_T = 392.5003292434165
PHYSICAL_RANGE_P = 190.0
MOTOR_CCW_DIR_T = -1
MOTOR_CCW_DIR_P = -1
MOTOR_ID_T = 1
MOTOR_ID_P = 0

# HISTORY
TOTAL_MOVE_SEQUENCES = 3210
TOTAL_CRUISE_MOVES_T = 771
TOTAL_CRUISE_MOVES_P = 786
TOTAL_CREEP_MOVES_T = 8788
TOTAL_CREEP_MOVES_P = 8773
TOTAL_LIMIT_SEEKS_T = 36
TOTAL_LIMIT_SEEKS_P = 44
LAST_PRIMARY_HARDSTOP_DIR_T = -1.0
LAST_PRIMARY_HARDSTOP_DIR_P = 1.0
LAST_MOVE_CMD = 'dXdY; (auto backlash backup); (auto final creep)'
LAST_MOVE_VAL1 = '-0.00164119; 3; -3'
LAST_MOVE_VAL2 = '0.00278895; -3; 2.99997'
LAST_MEAS_OBS_X = 73.74741078481975
LAST_MEAS_OBS_Y = 32.04125901996041
