# Template file for configuration of individual fiber positioner unit.

# ID
POS_ID = 'M00171'
CAN_ID = 416
DEVICE_ID = -1
PETAL_ID = -1

# STATE
POS_T = 138.20988170768302
POS_P = 39.0794914205295
GENERAL_SETTINGS_FILE = '_genl_settings_DEFAULT.conf'

# CALIBRATION
LENGTH_R1 = 3.0352615169106119
LENGTH_R2 = 3.0588177014007973
OFFSET_T = -156.45918505701326
OFFSET_P = -3.755599018558577
GEAR_CALIB_T = 1.0
GEAR_CALIB_P = 1.0
GEAR_TYPE_T = 'namiki'
GEAR_TYPE_P = 'namiki'
OFFSET_X = 44.831828722227698
OFFSET_Y = 52.010923184921182
PHYSICAL_RANGE_T = 393.47333609080715
PHYSICAL_RANGE_P = 187.594221163024
MOTOR_CCW_DIR_T = -1
MOTOR_CCW_DIR_P = -1
MOTOR_ID_T = 1
MOTOR_ID_P = 0

# HISTORY
TOTAL_MOVE_SEQUENCES = 4914
TOTAL_CRUISE_MOVES_T = 3904
TOTAL_CRUISE_MOVES_P = 3630
TOTAL_CREEP_MOVES_T = 10566
TOTAL_CREEP_MOVES_P = 10840
TOTAL_LIMIT_SEEKS_T = 134
TOTAL_LIMIT_SEEKS_P = 165
LAST_PRIMARY_HARDSTOP_DIR_T = -1.0
LAST_PRIMARY_HARDSTOP_DIR_P = 1.0
LAST_MOVE_CMD = 'dXdY; (auto backlash backup); (auto final creep)'
LAST_MOVE_VAL1 = '-3.42099e-05; 3; -3.00308'
LAST_MOVE_VAL2 = '-0.000357608; -3; 3.00317'
LAST_MEAS_OBS_X = 50.631080526833216
LAST_MEAS_OBS_Y = 52.01201187177091
