# Template file for configuration of individual fiber positioner unit.

# ID
POS_ID = 'M00240'
CAN_ID = 69
DEVICE_ID = -1
PETAL_ID = -1

# STATE
POS_T = 101.83694512374439
POS_P = 111.68423765432097
GENERAL_SETTINGS_FILE = '_genl_settings_DEFAULT.conf'

# CALIBRATION
LENGTH_R1 = 3.1296979836479912
LENGTH_R2 = 3.0563299662859644
OFFSET_T = -52.922280503463135
OFFSET_P = -5.0702274618408776
GEAR_CALIB_T = 1.0
GEAR_CALIB_P = 1.0
GEAR_TYPE_T = 'namiki'
GEAR_TYPE_P = 'namiki'
OFFSET_X = 60.961755918014653
OFFSET_Y = 48.522601568094295
PHYSICAL_RANGE_T = 394.39611024633837
PHYSICAL_RANGE_P = 190.0
MOTOR_CCW_DIR_T = -1
MOTOR_CCW_DIR_P = -1
MOTOR_ID_T = 1
MOTOR_ID_P = 0

# HISTORY
TOTAL_MOVE_SEQUENCES = 54739
TOTAL_CRUISE_MOVES_T = 30630
TOTAL_CRUISE_MOVES_P = 30317
TOTAL_CREEP_MOVES_T = 121732
TOTAL_CREEP_MOVES_P = 122045
TOTAL_LIMIT_SEEKS_T = 11545
TOTAL_LIMIT_SEEKS_P = 11621
LAST_PRIMARY_HARDSTOP_DIR_T = -1.0
LAST_PRIMARY_HARDSTOP_DIR_P = 1.0
LAST_MOVE_CMD = 'obsXY; (auto backlash backup); (auto final creep)'
LAST_MOVE_VAL1 = '60.2368; 3; -2.99995'
LAST_MOVE_VAL2 = '52.1476; -3; 3.00092'
LAST_MEAS_OBS_X = 60.23527668633447
LAST_MEAS_OBS_Y = 51.425036094914546
