# Configuration file for unit M00432.

#ID
POS_ID = 'M00432'
CAN_ID = 546
DEVICE_ID = -1
PETAL_ID = -1

# STATE
POS_T = 9.3871701949410635e-06
POS_P = 180.00009814814803
GENERAL_SETTINGS_FILE = '_genl_settings_DEFAULT.conf'

# CALIBRATION
LENGTH_R1 = 3.2506189744409619
LENGTH_R2 = 3.1603393744147534
OFFSET_T = 125.33969883396901
OFFSET_P = -6.4484545821084964
GEAR_CALIB_T = 1.0
GEAR_CALIB_P = 1.0
GEAR_TYPE_T = 'namiki'
GEAR_TYPE_P = 'namiki'
OFFSET_X = 37.772050423891258
OFFSET_Y = 32.136600173587794
PHYSICAL_RANGE_T = 394.84934171948737
PHYSICAL_RANGE_P = 190.0
MOTOR_CCW_DIR_T = -1
MOTOR_CCW_DIR_P = -1
MOTOR_ID_T = 1
MOTOR_ID_P = 0

# HISTORY
TOTAL_MOVE_SEQUENCES = 849
TOTAL_CRUISE_MOVES_T = 196
TOTAL_CRUISE_MOVES_P = 200
TOTAL_CREEP_MOVES_T = 2344
TOTAL_CREEP_MOVES_P = 2340
TOTAL_LIMIT_SEEKS_T = 7
TOTAL_LIMIT_SEEKS_P = 8
LAST_PRIMARY_HARDSTOP_DIR_T = -1.0
LAST_PRIMARY_HARDSTOP_DIR_P = 1.0
LAST_MOVE_CMD = 'posTP; (auto backlash backup); (auto final creep)'
LAST_MOVE_VAL1 = '0; 3; -3.00096'
LAST_MOVE_VAL2 = '180; -3; 2.99908'
LAST_MEAS_OBS_X = 43.572033083159226
LAST_MEAS_OBS_Y = 32.13668790952802
