# Template file for configuration of individual fiber positioner unit.

# ID
POS_ID = 'M00053'
CAN_ID = 44
DEVICE_ID = -1
PETAL_ID = -1

# STATE
POS_T = 40.367985363979301
POS_P = 34.977623209876455
GENERAL_SETTINGS_FILE = '_genl_settings_DEFAULT.conf'

# CALIBRATION
LENGTH_R1 = 2.8951241785374502
LENGTH_R2 = 3.0537069238342891
OFFSET_T = -53.966979488283947
OFFSET_P = -8.7345036739603898
GEAR_CALIB_T = 1.0
GEAR_CALIB_P = 1.0
GEAR_TYPE_T = 'namiki'
GEAR_TYPE_P = 'namiki'
OFFSET_X = 56.916995769092004
OFFSET_Y = 32.00912308238064
PHYSICAL_RANGE_T = 393.95642161772048
PHYSICAL_RANGE_P = 190.0
MOTOR_CCW_DIR_T = -1
MOTOR_CCW_DIR_P = -1
MOTOR_ID_T = 1
MOTOR_ID_P = 0

# HISTORY
TOTAL_MOVE_SEQUENCES = 6669
TOTAL_CRUISE_MOVES_T = 1366
TOTAL_CRUISE_MOVES_P = 1372
TOTAL_CREEP_MOVES_T = 18588
TOTAL_CREEP_MOVES_P = 18582
TOTAL_LIMIT_SEEKS_T = 31
TOTAL_LIMIT_SEEKS_P = 37
LAST_PRIMARY_HARDSTOP_DIR_T = -1.0
LAST_PRIMARY_HARDSTOP_DIR_P = 1.0
LAST_MOVE_CMD = 'dXdY; (auto backlash backup); (auto final creep)'
LAST_MOVE_VAL1 = '-0.000412445; 3; -3.00003'
LAST_MOVE_VAL2 = '-0.00199749; -3; 3.0001'
LAST_MEAS_OBS_X = 62.71662540080225
LAST_MEAS_OBS_Y = 32.00982531294279
