# Configuration file for unit M00010.

#ID
POS_ID = 'M00010'
CAN_ID = 511
DEVICE_ID = -1
PETAL_ID = -1

# STATE
POS_T = -8.8252363269702983e-05
POS_P = 180.00009814814817
GENERAL_SETTINGS_FILE = '_genl_settings_DEFAULT.conf'

# CALIBRATION
LENGTH_R1 = 2.9893972024860895
LENGTH_R2 = 3.0999691580492028
OFFSET_T = 147.46258022198197
OFFSET_P = -3.8217559077485959
GEAR_CALIB_T = 1.0
GEAR_CALIB_P = 1.0
GEAR_TYPE_T = 'namiki'
GEAR_TYPE_P = 'namiki'
OFFSET_X = 61.247027994166494
OFFSET_Y = 16.608804027664394
PHYSICAL_RANGE_T = 393.05264045534375
PHYSICAL_RANGE_P = 190.0
MOTOR_CCW_DIR_T = -1
MOTOR_CCW_DIR_P = -1
MOTOR_ID_T = 1
MOTOR_ID_P = 0

# HISTORY
TOTAL_MOVE_SEQUENCES = 849
TOTAL_CRUISE_MOVES_T = 206
TOTAL_CRUISE_MOVES_P = 207
TOTAL_CREEP_MOVES_T = 2334
TOTAL_CREEP_MOVES_P = 2333
TOTAL_LIMIT_SEEKS_T = 7
TOTAL_LIMIT_SEEKS_P = 8
LAST_PRIMARY_HARDSTOP_DIR_T = -1.0
LAST_PRIMARY_HARDSTOP_DIR_P = 1.0
LAST_MOVE_CMD = 'posTP; (auto backlash backup); (auto final creep)'
LAST_MOVE_VAL1 = '0; 3; -3.00235'
LAST_MOVE_VAL2 = '180; -3; 3.00056'
LAST_MEAS_OBS_X = 67.04634752134287
LAST_MEAS_OBS_Y = 16.60986971839302
