# Template file for configuration of individual fiber positioner unit.

# ID
POS_ID = 'M00038'
CAN_ID = 83
DEVICE_ID = -1
PETAL_ID = -1

# STATE
POS_T = -112.16214269311095
POS_P = 55.899902756836219
GENERAL_SETTINGS_FILE = '_genl_settings_DEFAULT.conf'

# CALIBRATION
LENGTH_R1 = 2.9771230143143015
LENGTH_R2 = 3.027213163549848
OFFSET_T = -83.831210312650796
OFFSET_P = 3.7584591542294277
GEAR_CALIB_T = 1.0
GEAR_CALIB_P = 1.0
GEAR_TYPE_T = 'namiki'
GEAR_TYPE_P = 'namiki'
OFFSET_X = 40.778638097842858
OFFSET_Y = 46.554709668389783
PHYSICAL_RANGE_T = 394.6445755096787
PHYSICAL_RANGE_P = 184.63339036418176
MOTOR_CCW_DIR_T = -1
MOTOR_CCW_DIR_P = -1
MOTOR_ID_T = 1
MOTOR_ID_P = 0

# HISTORY
TOTAL_MOVE_SEQUENCES = 6825
TOTAL_CRUISE_MOVES_T = 1423
TOTAL_CRUISE_MOVES_P = 1601
TOTAL_CREEP_MOVES_T = 19021
TOTAL_CREEP_MOVES_P = 18843
TOTAL_LIMIT_SEEKS_T = 42
TOTAL_LIMIT_SEEKS_P = 48
LAST_PRIMARY_HARDSTOP_DIR_T = -1.0
LAST_PRIMARY_HARDSTOP_DIR_P = 1.0
LAST_MOVE_CMD = 'dXdY; (auto backlash backup); (auto final creep)'
LAST_MOVE_VAL1 = '0.00235748; 3; -3.00012'
LAST_MOVE_VAL2 = '-0.00293145; -3; 2.99997'
LAST_MEAS_OBS_X = 35.69935753765956
LAST_MEAS_OBS_Y = 45.28841034733145
