# Template file for configuration of individual fiber positioner unit.

# ID
POS_ID = 'M00187'
CAN_ID = 398
DEVICE_ID = -1
PETAL_ID = -1

# STATE
POS_T = 6.0107251329100109e-05
POS_P = 169.99990409408767
GENERAL_SETTINGS_FILE = '_genl_settings_DEFAULT.conf'

# CALIBRATION
LENGTH_R1 = 2.996122416368891
LENGTH_R2 = 3.0668510207316473
OFFSET_T = -138.91162864995493
OFFSET_P = -3.310515828449894
GEAR_CALIB_T = 1.0
GEAR_CALIB_P = 1.0
GEAR_TYPE_T = 'namiki'
GEAR_TYPE_P = 'namiki'
OFFSET_X = 48.96899247592282
OFFSET_Y = 16.516846193067355
PHYSICAL_RANGE_T = 392.2235541064851
PHYSICAL_RANGE_P = 187.37725466543336
MOTOR_CCW_DIR_T = -1
MOTOR_CCW_DIR_P = -1
MOTOR_ID_T = 1
MOTOR_ID_P = 0

# HISTORY
TOTAL_MOVE_SEQUENCES = 4477
TOTAL_CRUISE_MOVES_T = 923
TOTAL_CRUISE_MOVES_P = 911
TOTAL_CREEP_MOVES_T = 12465
TOTAL_CREEP_MOVES_P = 12477
TOTAL_LIMIT_SEEKS_T = 26
TOTAL_LIMIT_SEEKS_P = 31
LAST_PRIMARY_HARDSTOP_DIR_T = -1.0
LAST_PRIMARY_HARDSTOP_DIR_P = 1.0
LAST_MOVE_CMD = 'direct_dtdp; (auto backlash backup); (auto final creep)'
LAST_MOVE_VAL1 = '0; 0; 0'
LAST_MOVE_VAL2 = '-10; -3; 2.99712'
LAST_MEAS_OBS_X = 54.76880269655857
LAST_MEAS_OBS_Y = 16.517566585790227
