# Template file for configuration of individual fiber positioner unit.

# ID
POS_ID = 'M00184'
CAN_ID = 331
DEVICE_ID = -1
PETAL_ID = -1

# STATE
POS_T = -194.05288142767114
POS_P = 182.4622608502041
GENERAL_SETTINGS_FILE = '_genl_settings_DEFAULT.conf'

# CALIBRATION
LENGTH_R1 = 3.0222613911588074
LENGTH_R2 = 3.1053195725269274
OFFSET_T = 1.6302844793651723
OFFSET_P = 1.266112595637253
GEAR_CALIB_T = 1.0
GEAR_CALIB_P = 1.0
GEAR_TYPE_T = 'namiki'
GEAR_TYPE_P = 'namiki'
OFFSET_X = 60.896616399959086
OFFSET_Y = 16.241979657106079
PHYSICAL_RANGE_T = 394.10576285534228
PHYSICAL_RANGE_P = 187.33561702040819
MOTOR_CCW_DIR_T = -1
MOTOR_CCW_DIR_P = -1
MOTOR_ID_T = 1
MOTOR_ID_P = 0

# HISTORY
TOTAL_MOVE_SEQUENCES = 32076
TOTAL_CRUISE_MOVES_T = 6313
TOTAL_CRUISE_MOVES_P = 6335
TOTAL_CREEP_MOVES_T = 89678
TOTAL_CREEP_MOVES_P = 89656
TOTAL_LIMIT_SEEKS_T = 138
TOTAL_LIMIT_SEEKS_P = 165
LAST_PRIMARY_HARDSTOP_DIR_T = -1.0
LAST_PRIMARY_HARDSTOP_DIR_P = 1.0
LAST_MOVE_CMD = 'P limit seek; T limit seek; debounce direct_dtdp; debounce direct_dtdp'
LAST_MOVE_VAL1 = '0; -1; 3; 3'
LAST_MOVE_VAL2 = '1; 0; 0; -3'
LAST_MEAS_OBS_X = 66.69654471351838
LAST_MEAS_OBS_Y = 16.241643996681553
