# Configuration file for unit M00116.
# Note this unit is one of the first 3 gamma prototypes

#ID
POS_ID = 'M00116'
CAN_ID = 116
DEVICE_ID = -1
PETAL_ID = -1

# STATE
POS_T = -1.5000734193420158
POS_P = 93.50866811906855
GENERAL_SETTINGS_FILE = '_genl_settings_DEFAULT.conf'

# CALIBRATION
LENGTH_R1 = 2.9559912257524306
LENGTH_R2 = 3.0286738346846658
OFFSET_T = 103.60989980567868
OFFSET_P = -1.943647352183703
GEAR_CALIB_T = 1.0
GEAR_CALIB_P = 1.0
GEAR_TYPE_T = 'namiki'
GEAR_TYPE_P = 'namiki'
OFFSET_X = 45.149552248677885
OFFSET_Y = 10.498093545169747
PHYSICAL_RANGE_T = 393.77610708559774
PHYSICAL_RANGE_P = 187.77295994069775
MOTOR_CCW_DIR_T = -1
MOTOR_CCW_DIR_P = -1
MOTOR_ID_T = 1
MOTOR_ID_P = 0

# HISTORY
TOTAL_MOVE_SEQUENCES = 5288
TOTAL_CRUISE_MOVES_T = 1403
TOTAL_CRUISE_MOVES_P = 1381
TOTAL_CREEP_MOVES_T = 14417
TOTAL_CREEP_MOVES_P = 14439
TOTAL_LIMIT_SEEKS_T = 45
TOTAL_LIMIT_SEEKS_P = 52
LAST_PRIMARY_HARDSTOP_DIR_T = -1.0
LAST_PRIMARY_HARDSTOP_DIR_P = 1.0
LAST_MOVE_CMD = 'posTP; (auto backlash backup); (auto final creep)'
LAST_MOVE_VAL1 = '-1.5; 0; 7.34193e-05'
LAST_MOVE_VAL2 = '93.5088; -3; 3.00015'
LAST_MEAS_OBS_X = 41.89015819494507
LAST_MEAS_OBS_Y = 14.910698221505204
