# Settings file for fiber positioner unit: UM00014

POS_ID = 'UM00014'
CAN_ID = 3000
DEVICE_ID = -1
PETAL_ID = -1

# STATE
POS_T = -213.85964957356066
POS_P = 9690.6136943013917
GENERAL_SETTINGS_FILE = 'genl_settings_001.conf'

# CALIBRATION
LENGTH_R1 = 3.0
LENGTH_R2 = 3.0
OFFSET_T = -110.05773629486623
OFFSET_P = -7.0860551077773266
GEAR_CALIB_T = 1.0
GEAR_CALIB_P = 1.0
GEAR_TYPE_T = 'namiki'
GEAR_TYPE_P = 'namiki'
OFFSET_X = -407.05196270494167
OFFSET_Y = 545.28766574941039
PHYSICAL_RANGE_T = 376.73556581378796
PHYSICAL_RANGE_P = 188.01193875062353
MOTOR_CCW_DIR_T = 1
MOTOR_CCW_DIR_P = 1
MOTOR_ID_T = 1
MOTOR_ID_P = 0

# HISTORY
TOTAL_MOVE_SEQUENCES = 6703
TOTAL_CRUISE_MOVES_T = 2420
TOTAL_CRUISE_MOVES_P = 2349
TOTAL_CREEP_MOVES_T = 17639
TOTAL_CREEP_MOVES_P = 17710
TOTAL_LIMIT_SEEKS_T = 136
TOTAL_LIMIT_SEEKS_P = 146
LAST_PRIMARY_HARDSTOP_DIR_T = -1.0
LAST_PRIMARY_HARDSTOP_DIR_P = 1.0
LAST_MOVE_CMD = '; ; ; (auto backlash backup); (auto final creep)'
LAST_MOVE_VAL1 = '3; -31.4918'
LAST_MOVE_VAL2 = '-3; 9510.48'
LAST_MEAS_OBS_X = -407.08830864000004
LAST_MEAS_OBS_Y = 545.25576612
