# Configuration file for unit M00386.

#ID
POS_ID = 'M00386'
CAN_ID = 348
DEVICE_ID = -1
PETAL_ID = -1

# STATE
POS_T = -179.99999276396943
POS_P = -2.9999719753086893
GENERAL_SETTINGS_FILE = '_genl_settings_DEFAULT.conf'

# CALIBRATION
LENGTH_R1 = 2.8960584667509672
LENGTH_R2 = 3.0720866435252039
OFFSET_T = 145.32077038385546
OFFSET_P = 0.0
GEAR_CALIB_T = 1.0
GEAR_CALIB_P = 1.0
GEAR_TYPE_T = 'namiki'
GEAR_TYPE_P = 'namiki'
OFFSET_X = 45.598318604295123
OFFSET_Y = 16.063016041759507
PHYSICAL_RANGE_T = 394.32526429337082
PHYSICAL_RANGE_P = 190.0
MOTOR_CCW_DIR_T = -1
MOTOR_CCW_DIR_P = -1
MOTOR_ID_T = 1
MOTOR_ID_P = 0

# HISTORY
TOTAL_MOVE_SEQUENCES = 3093
TOTAL_CRUISE_MOVES_T = 876
TOTAL_CRUISE_MOVES_P = 860
TOTAL_CREEP_MOVES_T = 8315
TOTAL_CREEP_MOVES_P = 8331
TOTAL_LIMIT_SEEKS_T = 48
TOTAL_LIMIT_SEEKS_P = 55
LAST_PRIMARY_HARDSTOP_DIR_T = -1.0
LAST_PRIMARY_HARDSTOP_DIR_P = 1.0
LAST_MOVE_CMD = 'posTP; (auto backlash backup); (auto final creep)'
LAST_MOVE_VAL1 = '180; 3; -3.00037'
LAST_MOVE_VAL2 = '-3; -3; -4.10011'
LAST_MEAS_OBS_X = 51.40054301459186
LAST_MEAS_OBS_Y = 16.05858227245004
