# Settings file for fiber positioner unit: UM00012

POS_ID = 'UM00012'
CAN_ID = 12
DEVICE_ID = -1
PETAL_ID = -1

# STATE
POS_T = -0.00013468746982425728
POS_P = 181.60040462568162
GENERAL_SETTINGS_FILE = '_genl_settings_DEFAULT.conf'

# CALIBRATION
LENGTH_R1 = 3.0597669466431165
LENGTH_R2 = 2.9931717998785423
OFFSET_T = 135.29655882486514
OFFSET_P = 0.9712515692075101
GEAR_CALIB_T = 1.0000904632950403
GEAR_CALIB_P = 0.9959598244404919
GEAR_TYPE_T = 'namiki'
GEAR_TYPE_P = 'namiki'
OFFSET_X = 52.946582397741331
OFFSET_Y = 20.485026192498559
PHYSICAL_RANGE_T = 380.86857582433703
PHYSICAL_RANGE_P = 186.46505517745618
MOTOR_CCW_DIR_T = 1
MOTOR_CCW_DIR_P = 1
MOTOR_ID_T = 1
MOTOR_ID_P = 0

# HISTORY
TOTAL_MOVE_SEQUENCES = 1558
TOTAL_CRUISE_MOVES_T = 999
TOTAL_CRUISE_MOVES_P = 990
TOTAL_CREEP_MOVES_T = 3544
TOTAL_CREEP_MOVES_P = 3553
TOTAL_LIMIT_SEEKS_T = 227
TOTAL_LIMIT_SEEKS_P = 231
LAST_PRIMARY_HARDSTOP_DIR_T = -1.0
LAST_PRIMARY_HARDSTOP_DIR_P = 1.0
LAST_MOVE_CMD = 'posTP; (auto backlash backup); (auto final creep)'
LAST_MOVE_VAL1 = '0; 0; 0.000134687'
LAST_MOVE_VAL2 = '181.6; -3; 3.00063'
LAST_MEAS_OBS_X = 52.99737650193488
LAST_MEAS_OBS_Y = 20.635875159830384
