# Template file for configuration of individual fiber positioner unit.

# ID
POS_ID = 'M00178'
CAN_ID = 311
DEVICE_ID = -1
PETAL_ID = -1

# STATE
POS_T = -49.435122500179794
POS_P = 29.242170296370769
GENERAL_SETTINGS_FILE = '_genl_settings_DEFAULT.conf'

# CALIBRATION
LENGTH_R1 = 3.010414416281388
LENGTH_R2 = 3.0219484389958118
OFFSET_T = 33.632958780200433
OFFSET_P = 2.6181484683016976
GEAR_CALIB_T = 1.0
GEAR_CALIB_P = 1.0
GEAR_TYPE_T = 'namiki'
GEAR_TYPE_P = 'namiki'
OFFSET_X = 51.986036359156124
OFFSET_Y = 25.925221626854913
PHYSICAL_RANGE_T = 392.45253956826082
PHYSICAL_RANGE_P = 186.18723611430389
MOTOR_CCW_DIR_T = -1
MOTOR_CCW_DIR_P = -1
MOTOR_ID_T = 1
MOTOR_ID_P = 0

# HISTORY
TOTAL_MOVE_SEQUENCES = 2148
TOTAL_CRUISE_MOVES_T = 405
TOTAL_CRUISE_MOVES_P = 407
TOTAL_CREEP_MOVES_T = 6030
TOTAL_CREEP_MOVES_P = 6028
TOTAL_LIMIT_SEEKS_T = 4
TOTAL_LIMIT_SEEKS_P = 5
LAST_PRIMARY_HARDSTOP_DIR_T = -1.0
LAST_PRIMARY_HARDSTOP_DIR_P = 1.0
LAST_MOVE_CMD = 'dXdY; (auto backlash backup); (auto final creep)'
LAST_MOVE_VAL1 = '0.000192528; 3; -3.00018'
LAST_MOVE_VAL2 = '3.34208e-05; -3; 3.00007'
LAST_MEAS_OBS_X = 57.78627180351884
LAST_MEAS_OBS_Y = 25.925330569962515
