# Template file for configuration of individual fiber positioner unit.

# ID
POS_ID = 'M00026'
CAN_ID = 222
DEVICE_ID = -1
PETAL_ID = -1

# STATE
POS_T = -6.0306688715397172
POS_P = 45.719315971025537
GENERAL_SETTINGS_FILE = '_genl_settings_DEFAULT.conf'

# CALIBRATION
LENGTH_R1 = 2.9881134784170089
LENGTH_R2 = 3.0834790643577477
OFFSET_T = -17.175539929556457
OFFSET_P = -0.098592813420992798
GEAR_CALIB_T = 1.0
GEAR_CALIB_P = 1.0
GEAR_TYPE_T = 'namiki'
GEAR_TYPE_P = 'namiki'
OFFSET_X = 28.534846450917907
OFFSET_Y = 32.721170683932492
PHYSICAL_RANGE_T = 394.50612440974658
PHYSICAL_RANGE_P = 185.62439947191763
MOTOR_CCW_DIR_T = -1
MOTOR_CCW_DIR_P = -1
MOTOR_ID_T = 1
MOTOR_ID_P = 0

# HISTORY
TOTAL_MOVE_SEQUENCES = 3091
TOTAL_CRUISE_MOVES_T = 806
TOTAL_CRUISE_MOVES_P = 751
TOTAL_CREEP_MOVES_T = 8420
TOTAL_CREEP_MOVES_P = 8475
TOTAL_LIMIT_SEEKS_T = 36
TOTAL_LIMIT_SEEKS_P = 42
LAST_PRIMARY_HARDSTOP_DIR_T = -1.0
LAST_PRIMARY_HARDSTOP_DIR_P = 1.0
LAST_MOVE_CMD = 'dXdY; (auto backlash backup); (auto final creep)'
LAST_MOVE_VAL1 = '-2.47884e-05; 3; -3.00008'
LAST_MOVE_VAL2 = '0.00121811; -3; 3.00011'
LAST_MEAS_OBS_X = 34.13482578543875
LAST_MEAS_OBS_Y = 32.720667925181594
