# Template file for configuration of individual fiber positioner unit.

# ID
POS_ID = 'M00083'
CAN_ID = 83
DEVICE_ID = -1
PETAL_ID = -1

# STATE
POS_T = -35.321759973233483
POS_P = 92.291864567901143
GENERAL_SETTINGS_FILE = '_genl_settings_DEFAULT.conf'

# CALIBRATION
LENGTH_R1 = 2.9438184567770729
LENGTH_R2 = 3.0765205869664012
OFFSET_T = 89.213990813371737
OFFSET_P = -6.1758885574196416
GEAR_CALIB_T = 1.0
GEAR_CALIB_P = 1.0
GEAR_TYPE_T = 'namiki'
GEAR_TYPE_P = 'namiki'
OFFSET_X = 70.043673762109336
OFFSET_Y = 66.046190119310509
PHYSICAL_RANGE_T = 392.20783920572643
PHYSICAL_RANGE_P = 190.0
MOTOR_CCW_DIR_T = -1
MOTOR_CCW_DIR_P = -1
MOTOR_ID_T = 1
MOTOR_ID_P = 0

# HISTORY
TOTAL_MOVE_SEQUENCES = 3008
TOTAL_CRUISE_MOVES_T = 1261
TOTAL_CRUISE_MOVES_P = 1078
TOTAL_CREEP_MOVES_T = 7685
TOTAL_CREEP_MOVES_P = 7868
TOTAL_LIMIT_SEEKS_T = 46
TOTAL_LIMIT_SEEKS_P = 55
LAST_PRIMARY_HARDSTOP_DIR_T = -1.0
LAST_PRIMARY_HARDSTOP_DIR_P = 1.0
LAST_MOVE_CMD = 'obsXY; (auto backlash backup); (auto final creep)'
LAST_MOVE_VAL1 = '69.4215; 3; -2.99947'
LAST_MOVE_VAL2 = '70.4017; -3; 2.99998'
LAST_MEAS_OBS_X = 69.42101717277696
LAST_MEAS_OBS_Y = 69.15687498849177
