# Template file for configuration of individual fiber positioner unit.

# ID
POS_ID = 'M00184'
CAN_ID = 331
DEVICE_ID = -1
PETAL_ID = -1

# STATE
POS_T = -193.8296384459453
POS_P = 183.08099851879217
GENERAL_SETTINGS_FILE = '_genl_settings_DEFAULT.conf'

# CALIBRATION
LENGTH_R1 = 3.0197505399215379
LENGTH_R2 = 3.1032496465799042
OFFSET_T = -44.09524384845259
OFFSET_P = 1.2067324158645931
GEAR_CALIB_T = 1.0
GEAR_CALIB_P = 1.0
GEAR_TYPE_T = 'namiki'
GEAR_TYPE_P = 'namiki'
OFFSET_X = 54.929298222529731
OFFSET_Y = 31.948981901052957
PHYSICAL_RANGE_T = 393.65927689189061
PHYSICAL_RANGE_P = 187.96060456443655
MOTOR_CCW_DIR_T = -1
MOTOR_CCW_DIR_P = -1
MOTOR_ID_T = 1
MOTOR_ID_P = 0

# HISTORY
TOTAL_MOVE_SEQUENCES = 15274
TOTAL_CRUISE_MOVES_T = 3116
TOTAL_CRUISE_MOVES_P = 3101
TOTAL_CREEP_MOVES_T = 42549
TOTAL_CREEP_MOVES_P = 42564
TOTAL_LIMIT_SEEKS_T = 88
TOTAL_LIMIT_SEEKS_P = 105
LAST_PRIMARY_HARDSTOP_DIR_T = -1.0
LAST_PRIMARY_HARDSTOP_DIR_P = 1.0
LAST_MOVE_CMD = 'P limit seek; T limit seek; debounce direct_dtdp; debounce direct_dtdp'
LAST_MOVE_VAL1 = '0; -1; 3; 3'
LAST_MOVE_VAL2 = '1; 0; 0; -3'
LAST_MEAS_OBS_X = 60.72918902493609
LAST_MEAS_OBS_Y = 31.950221967384596
