# Template file for configuration of individual fiber positioner unit.

# ID
POS_ID = 'M00024'
CAN_ID = 435
DEVICE_ID = -1
PETAL_ID = -1

# STATE
POS_T = 114.68635392342996
POS_P = 114.03231156448373
GENERAL_SETTINGS_FILE = '_genl_settings_DEFAULT.conf'

# CALIBRATION
LENGTH_R1 = 3.0683726839278544
LENGTH_R2 = 3.0960652710360828
OFFSET_T = 33.181073505439535
OFFSET_P = -10.285243013819837
GEAR_CALIB_T = 1.0
GEAR_CALIB_P = 1.0
GEAR_TYPE_T = 'namiki'
GEAR_TYPE_P = 'namiki'
OFFSET_X = 22.117081537694411
OFFSET_Y = 25.889463119545976
PHYSICAL_RANGE_T = 392.78317610375734
PHYSICAL_RANGE_P = 211.02228316153119
MOTOR_CCW_DIR_T = -1
MOTOR_CCW_DIR_P = -1
MOTOR_ID_T = 1
MOTOR_ID_P = 0

# HISTORY
TOTAL_MOVE_SEQUENCES = 661
TOTAL_CRUISE_MOVES_T = 177
TOTAL_CRUISE_MOVES_P = 147
TOTAL_CREEP_MOVES_T = 1781
TOTAL_CREEP_MOVES_P = 1811
TOTAL_LIMIT_SEEKS_T = 14
TOTAL_LIMIT_SEEKS_P = 17
LAST_PRIMARY_HARDSTOP_DIR_T = -1.0
LAST_PRIMARY_HARDSTOP_DIR_P = 1.0
LAST_MOVE_CMD = 'dXdY; (auto backlash backup); (auto final creep)'
LAST_MOVE_VAL1 = '-0.00157745; 3; -2.99996'
LAST_MOVE_VAL2 = '0.00152543; -3; 2.99996'
LAST_MEAS_OBS_X = 18.547679484165542
LAST_MEAS_OBS_Y = 24.550361290797614
