# Template file for configuration of individual fiber positioner unit.

# ID
POS_ID = 'M00028'
CAN_ID = 95
DEVICE_ID = -1
PETAL_ID = -1

# STATE
POS_T = -81.170589327234381
POS_P = 31.308126056989636
GENERAL_SETTINGS_FILE = '_genl_settings_DEFAULT.conf'

# CALIBRATION
LENGTH_R1 = 3.0295644143077762
LENGTH_R2 = 2.9818774007781519
OFFSET_T = 67.713351325922986
OFFSET_P = 0.59215431225165815
GEAR_CALIB_T = 1.0
GEAR_CALIB_P = 1.0
GEAR_TYPE_T = 'namiki'
GEAR_TYPE_P = 'namiki'
OFFSET_X = 77.184212465694969
OFFSET_Y = 42.089642849333217
PHYSICAL_RANGE_T = 321.88957495076386
PHYSICAL_RANGE_P = 183.79063649602398
MOTOR_CCW_DIR_T = -1
MOTOR_CCW_DIR_P = -1
MOTOR_ID_T = 1
MOTOR_ID_P = 0

# HISTORY
TOTAL_MOVE_SEQUENCES = 2155
TOTAL_CRUISE_MOVES_T = 369
TOTAL_CRUISE_MOVES_P = 416
TOTAL_CREEP_MOVES_T = 6086
TOTAL_CREEP_MOVES_P = 6039
TOTAL_LIMIT_SEEKS_T = 5
TOTAL_LIMIT_SEEKS_P = 6
LAST_PRIMARY_HARDSTOP_DIR_T = -1.0
LAST_PRIMARY_HARDSTOP_DIR_P = 1.0
LAST_MOVE_CMD = 'dXdY; (auto backlash backup); (auto final creep)'
LAST_MOVE_VAL1 = '-0.000813142; 3; -3.00008'
LAST_MOVE_VAL2 = '0.00115639; -3; 3.00011'
LAST_MEAS_OBS_X = 82.98433288599732
LAST_MEAS_OBS_Y = 42.09086210020418
