# Template file for configuration of individual fiber positioner unit.

# ID
POS_ID = 'M00091'
CAN_ID = 339
DEVICE_ID = -1
PETAL_ID = -1

# STATE
POS_T = -28.934455495331889
POS_P = 46.251228121849763
GENERAL_SETTINGS_FILE = '_genl_settings_DEFAULT.conf'

# CALIBRATION
LENGTH_R1 = 2.8017216979604487
LENGTH_R2 = 3.03958573817805
OFFSET_T = 40.048152673164431
OFFSET_P = 0.38546549373390893
GEAR_CALIB_T = 1.0
GEAR_CALIB_P = 1.0
GEAR_TYPE_T = 'namiki'
GEAR_TYPE_P = 'namiki'
OFFSET_X = 44.120822297138673
OFFSET_Y = 31.377576177490752
PHYSICAL_RANGE_T = 389.42079741041823
PHYSICAL_RANGE_P = 184.53047758909867
MOTOR_CCW_DIR_T = -1
MOTOR_CCW_DIR_P = -1
MOTOR_ID_T = 1
MOTOR_ID_P = 0

# HISTORY
TOTAL_MOVE_SEQUENCES = 6886
TOTAL_CRUISE_MOVES_T = 1669
TOTAL_CRUISE_MOVES_P = 1882
TOTAL_CREEP_MOVES_T = 18913
TOTAL_CREEP_MOVES_P = 18700
TOTAL_LIMIT_SEEKS_T = 44
TOTAL_LIMIT_SEEKS_P = 53
LAST_PRIMARY_HARDSTOP_DIR_T = -1.0
LAST_PRIMARY_HARDSTOP_DIR_P = 1.0
LAST_MOVE_CMD = 'dXdY; (auto backlash backup); (auto final creep)'
LAST_MOVE_VAL1 = '-5.75719e-05; 3; -3.00007'
LAST_MOVE_VAL2 = '0.000671587; -3; 2.99996'
LAST_MEAS_OBS_X = 48.47605742069652
LAST_MEAS_OBS_Y = 34.488773434784946
