# Settings for Unit M00008

# ID
POS_ID = 'M00008'
CAN_ID = 325
DEVICE_ID = -1
PETAL_ID = -1

# STATE
POS_T = -1.9233325218567074
POS_P = 38.737865624965281
GENERAL_SETTINGS_FILE = '_genl_settings_DEFAULT.conf'

# CALIBRATION
LENGTH_R1 = 3.0280225839369437
LENGTH_R2 = 3.0430421634968519
OFFSET_T = -15.361127990571113
OFFSET_P = -3.8117268614817021
GEAR_CALIB_T = 1.0
GEAR_CALIB_P = 1.0
GEAR_TYPE_T = 'namiki'
GEAR_TYPE_P = 'namiki'
OFFSET_X = 45.214306531148623
OFFSET_Y = 41.554204102588315
PHYSICAL_RANGE_T = 395.5344124511189
PHYSICAL_RANGE_P = 188.70579318645957
MOTOR_CCW_DIR_T = -1
MOTOR_CCW_DIR_P = -1
MOTOR_ID_T = 1
MOTOR_ID_P = 0

# HISTORY
TOTAL_MOVE_SEQUENCES = 8694
TOTAL_CRUISE_MOVES_T = 2484
TOTAL_CRUISE_MOVES_P = 2403
TOTAL_CREEP_MOVES_T = 23560
TOTAL_CREEP_MOVES_P = 23641
TOTAL_LIMIT_SEEKS_T = 20
TOTAL_LIMIT_SEEKS_P = 23
LAST_PRIMARY_HARDSTOP_DIR_T = -1.0
LAST_PRIMARY_HARDSTOP_DIR_P = 1.0
LAST_MOVE_CMD = 'dXdY; (auto backlash backup); (auto final creep)'
LAST_MOVE_VAL1 = '-0.000236085; 3; -3.00012'
LAST_MOVE_VAL2 = '0.001122; -3; 3.00012'
LAST_MEAS_OBS_X = 51.01426992949029
LAST_MEAS_OBS_Y = 41.55314187672883
