# Template file for configuration of individual fiber positioner unit.

# ID
POS_ID = 'M00228'
CAN_ID = 483
DEVICE_ID = -1
PETAL_ID = -1

# STATE
POS_T = 99.827653453372079
POS_P = 34.011249775124085
GENERAL_SETTINGS_FILE = '_genl_settings_DEFAULT.conf'

# CALIBRATION
LENGTH_R1 = 3.0638962155046152
LENGTH_R2 = 2.9835787045410118
OFFSET_T = -116.31114183355128
OFFSET_P = -0.74601451787012252
GEAR_CALIB_T = 1.0
GEAR_CALIB_P = 1.0
GEAR_TYPE_T = 'namiki'
GEAR_TYPE_P = 'namiki'
OFFSET_X = 52.742903467458916
OFFSET_Y = 32.134163284936726
PHYSICAL_RANGE_T = 393.98440395745342
PHYSICAL_RANGE_P = 184.82219007089481
MOTOR_CCW_DIR_T = -1
MOTOR_CCW_DIR_P = -1
MOTOR_ID_T = 1
MOTOR_ID_P = 0

# HISTORY
TOTAL_MOVE_SEQUENCES = 3800
TOTAL_CRUISE_MOVES_T = 1003
TOTAL_CRUISE_MOVES_P = 970
TOTAL_CREEP_MOVES_T = 10288
TOTAL_CREEP_MOVES_P = 10321
TOTAL_LIMIT_SEEKS_T = 54
TOTAL_LIMIT_SEEKS_P = 67
LAST_PRIMARY_HARDSTOP_DIR_T = -1.0
LAST_PRIMARY_HARDSTOP_DIR_P = 1.0
LAST_MOVE_CMD = 'dXdY; (auto backlash backup); (auto final creep)'
LAST_MOVE_VAL1 = '-0.000449164; 3; -2.99998'
LAST_MOVE_VAL2 = '-0.0010001; -3; 3.00009'
LAST_MEAS_OBS_X = 58.5432110066392
LAST_MEAS_OBS_Y = 32.13563100150043
