# Template file for configuration of individual fiber positioner unit.

# ID
POS_ID = 'M00179'
CAN_ID = 110
DEVICE_ID = -1
PETAL_ID = -1

# STATE
POS_T = 16.111691538674002
POS_P = 32.504474887584983
GENERAL_SETTINGS_FILE = '_genl_settings_DEFAULT.conf'

# CALIBRATION
LENGTH_R1 = 2.9851380122017654
LENGTH_R2 = 3.029502411410077
OFFSET_T = -31.977389573396941
OFFSET_P = -1.126526143158685
GEAR_CALIB_T = 1.0
GEAR_CALIB_P = 1.0
GEAR_TYPE_T = 'namiki'
GEAR_TYPE_P = 'namiki'
OFFSET_X = 29.776523111132033
OFFSET_Y = 41.732656716536276
PHYSICAL_RANGE_T = 391.79368112018307
PHYSICAL_RANGE_P = 186.84884868305747
MOTOR_CCW_DIR_T = -1
MOTOR_CCW_DIR_P = -1
MOTOR_ID_T = 1
MOTOR_ID_P = 0

# HISTORY
TOTAL_MOVE_SEQUENCES = 2194
TOTAL_CRUISE_MOVES_T = 430
TOTAL_CRUISE_MOVES_P = 450
TOTAL_CREEP_MOVES_T = 6145
TOTAL_CREEP_MOVES_P = 6125
TOTAL_LIMIT_SEEKS_T = 13
TOTAL_LIMIT_SEEKS_P = 14
LAST_PRIMARY_HARDSTOP_DIR_T = -1.0
LAST_PRIMARY_HARDSTOP_DIR_P = 1.0
LAST_MOVE_CMD = 'dXdY; (auto backlash backup); (auto final creep)'
LAST_MOVE_VAL1 = '-0.000345133; 3; -3.00017'
LAST_MOVE_VAL2 = '-2.96669e-05; -3; 3.00008'
LAST_MEAS_OBS_X = 35.57679822135533
LAST_MEAS_OBS_Y = 41.73277620937105
