# Configuration file for unit M00386.

#ID
POS_ID = 'M00386'
CAN_ID = 348
DEVICE_ID = -1
PETAL_ID = -1

# STATE
POS_T = -162.54324249535239
POS_P = 38.36985086419751
GENERAL_SETTINGS_FILE = '_genl_settings_DEFAULT.conf'

# CALIBRATION
LENGTH_R1 = 2.9094221678153649
LENGTH_R2 = 3.0850122500249366
OFFSET_T = 147.33171706487454
OFFSET_P = -8.5763905102646305
GEAR_CALIB_T = 1.0
GEAR_CALIB_P = 1.0
GEAR_TYPE_T = 'namiki'
GEAR_TYPE_P = 'namiki'
OFFSET_X = 45.606621108444955
OFFSET_Y = 16.072405109715657
PHYSICAL_RANGE_T = 393.88597387959334
PHYSICAL_RANGE_P = 190.0
MOTOR_CCW_DIR_T = -1
MOTOR_CCW_DIR_P = -1
MOTOR_ID_T = 1
MOTOR_ID_P = 0

# HISTORY
TOTAL_MOVE_SEQUENCES = 4461
TOTAL_CRUISE_MOVES_T = 1348
TOTAL_CRUISE_MOVES_P = 1311
TOTAL_CREEP_MOVES_T = 11866
TOTAL_CREEP_MOVES_P = 11903
TOTAL_LIMIT_SEEKS_T = 84
TOTAL_LIMIT_SEEKS_P = 100
LAST_PRIMARY_HARDSTOP_DIR_T = -1.0
LAST_PRIMARY_HARDSTOP_DIR_P = 1.0
LAST_MOVE_CMD = 'dXdY; (auto backlash backup); (auto final creep)'
LAST_MOVE_VAL1 = '-0.00039729; 3; -3.00005'
LAST_MOVE_VAL2 = '-0.000253339; -3; 3.00005'
LAST_MEAS_OBS_X = 51.4064781953501
LAST_MEAS_OBS_Y = 16.074663458768594
