# Configuration file for unit M00014.

#ID
POS_ID = 'M00014'
CAN_ID = 522
DEVICE_ID = -1
PETAL_ID = -1

# STATE
POS_T = -1.9475125775159086e-05
POS_P = 180.00009814814788
GENERAL_SETTINGS_FILE = '_genl_settings_DEFAULT.conf'

# CALIBRATION
LENGTH_R1 = 2.9540978884395743
LENGTH_R2 = 3.1032741194265738
OFFSET_T = 26.279555687925672
OFFSET_P = -7.590690333039305
GEAR_CALIB_T = 1.0
GEAR_CALIB_P = 1.0
GEAR_TYPE_T = 'namiki'
GEAR_TYPE_P = 'namiki'
OFFSET_X = 75.759099158792552
OFFSET_Y = 16.570026500239848
PHYSICAL_RANGE_T = 395.20273178975714
PHYSICAL_RANGE_P = 190.0
MOTOR_CCW_DIR_T = -1
MOTOR_CCW_DIR_P = -1
MOTOR_ID_T = 1
MOTOR_ID_P = 0

# HISTORY
TOTAL_MOVE_SEQUENCES = 849
TOTAL_CRUISE_MOVES_T = 207
TOTAL_CRUISE_MOVES_P = 207
TOTAL_CREEP_MOVES_T = 2333
TOTAL_CREEP_MOVES_P = 2333
TOTAL_LIMIT_SEEKS_T = 7
TOTAL_LIMIT_SEEKS_P = 8
LAST_PRIMARY_HARDSTOP_DIR_T = -1.0
LAST_PRIMARY_HARDSTOP_DIR_P = 1.0
LAST_MOVE_CMD = 'posTP; (auto backlash backup); (auto final creep)'
LAST_MOVE_VAL1 = '0; 3; -2.99945'
LAST_MOVE_VAL2 = '180; -3; 3.00412'
LAST_MEAS_OBS_X = 81.5586894984644
LAST_MEAS_OBS_Y = 16.570719725378176
