# Configuration file for unit M00020.

#ID
POS_ID = 'M00020'
CAN_ID = 499
DEVICE_ID = -1
PETAL_ID = -1

# STATE
POS_T = 184.99987454063017
POS_P = -3.0000151981212042
GENERAL_SETTINGS_FILE = '_genl_settings_DEFAULT.conf'

# CALIBRATION
LENGTH_R1 = 3.0220493378012727
LENGTH_R2 = 3.0847900350450717
OFFSET_T = -97.567246922291062
OFFSET_P = -2.0721739421208554
GEAR_CALIB_T = 1.0
GEAR_CALIB_P = 1.0
GEAR_TYPE_T = 'namiki'
GEAR_TYPE_P = 'namiki'
OFFSET_X = 30.837247114620322
OFFSET_Y = 16.35552063710572
PHYSICAL_RANGE_T = 395.01741338787542
PHYSICAL_RANGE_P = 187.05911309330565
MOTOR_CCW_DIR_T = -1
MOTOR_CCW_DIR_P = -1
MOTOR_ID_T = 1
MOTOR_ID_P = 0

# HISTORY
TOTAL_MOVE_SEQUENCES = 915
TOTAL_CRUISE_MOVES_T = 238
TOTAL_CRUISE_MOVES_P = 234
TOTAL_CREEP_MOVES_T = 2489
TOTAL_CREEP_MOVES_P = 2493
TOTAL_LIMIT_SEEKS_T = 10
TOTAL_LIMIT_SEEKS_P = 12
LAST_PRIMARY_HARDSTOP_DIR_T = -1.0
LAST_PRIMARY_HARDSTOP_DIR_P = 1.0
LAST_MOVE_CMD = 'posTP; (auto backlash backup); (auto final creep)'
LAST_MOVE_VAL1 = '185; 3; -2.99935'
LAST_MOVE_VAL2 = '-3; -3; -4.13'
LAST_MEAS_OBS_X = 36.637325765744094
LAST_MEAS_OBS_Y = 16.356160229500585
