# Template file for configuration of individual fiber positioner unit.

# ID
POS_ID = 'M00264'
CAN_ID = 286
DEVICE_ID = -1
PETAL_ID = -1

# STATE
POS_T = -26.159844169646156
POS_P = 35.663242098765394
GENERAL_SETTINGS_FILE = '_genl_settings_DEFAULT.conf'

# CALIBRATION
LENGTH_R1 = 3.0422180239807064
LENGTH_R2 = 2.9495268300677298
OFFSET_T = 11.603806875059412
OFFSET_P = -5.8378624453992245
GEAR_CALIB_T = 1.0
GEAR_CALIB_P = 1.0
GEAR_TYPE_T = 'namiki'
GEAR_TYPE_P = 'namiki'
OFFSET_X = 67.945788608787041
OFFSET_Y = 32.043807633978375
PHYSICAL_RANGE_T = 392.36755772200871
PHYSICAL_RANGE_P = 190.0
MOTOR_CCW_DIR_T = -1
MOTOR_CCW_DIR_P = -1
MOTOR_ID_T = 1
MOTOR_ID_P = 0

# HISTORY
TOTAL_MOVE_SEQUENCES = 2882
TOTAL_CRUISE_MOVES_T = 661
TOTAL_CRUISE_MOVES_P = 678
TOTAL_CREEP_MOVES_T = 7932
TOTAL_CREEP_MOVES_P = 7915
TOTAL_LIMIT_SEEKS_T = 28
TOTAL_LIMIT_SEEKS_P = 34
LAST_PRIMARY_HARDSTOP_DIR_T = -1.0
LAST_PRIMARY_HARDSTOP_DIR_P = 1.0
LAST_MOVE_CMD = 'dXdY; (auto backlash backup); (auto final creep)'
LAST_MOVE_VAL1 = '-0.00207975; 3; -3.00001'
LAST_MOVE_VAL2 = '0.0043212; -3; 3.00006'
LAST_MEAS_OBS_X = 73.74553732961105
LAST_MEAS_OBS_Y = 32.04254490343693
