# M00013

# ID
POS_ID = 'M00013'
CAN_ID = 101
DEVICE_ID = -1
PETAL_ID = -1

# STATE
POS_T = -18.874665067977023
POS_P = 38.520896550485602
GENERAL_SETTINGS_FILE = '_genl_settings_DEFAULT.conf'

# CALIBRATION
LENGTH_R1 = 3.0191149675134161
LENGTH_R2 = 3.0861798505676763
OFFSET_T = -0.052846423785150809
OFFSET_P = -1.9752075045757636
GEAR_CALIB_T = 1.0
GEAR_CALIB_P = 1.0
GEAR_TYPE_T = 'namiki'
GEAR_TYPE_P = 'namiki'
OFFSET_X = 75.091457991881597
OFFSET_Y = 42.291479337068417
PHYSICAL_RANGE_T = 392.89919309891638
PHYSICAL_RANGE_P = 186.83057426847932
MOTOR_CCW_DIR_T = -1
MOTOR_CCW_DIR_P = -1
MOTOR_ID_T = 1
MOTOR_ID_P = 0

# HISTORY
TOTAL_MOVE_SEQUENCES = 7330
TOTAL_CRUISE_MOVES_T = 1765
TOTAL_CRUISE_MOVES_P = 1686
TOTAL_CREEP_MOVES_T = 20152
TOTAL_CREEP_MOVES_P = 20231
TOTAL_LIMIT_SEEKS_T = 33
TOTAL_LIMIT_SEEKS_P = 41
LAST_PRIMARY_HARDSTOP_DIR_T = -1.0
LAST_PRIMARY_HARDSTOP_DIR_P = 1.0
LAST_MOVE_CMD = 'dXdY; (auto backlash backup); (auto final creep)'
LAST_MOVE_VAL1 = '-0.00038206; 3; -3.00016'
LAST_MOVE_VAL2 = '-0.00187893; -3; 3.00015'
LAST_MEAS_OBS_X = 80.89087450512416
LAST_MEAS_OBS_Y = 42.29097742154199
