# Template file for configuration of individual fiber positioner unit.

# ID
POS_ID = 'M00036'
CAN_ID = 36
DEVICE_ID = -1
PETAL_ID = -1

# STATE
POS_T = 187.83348054079309
POS_P = 106.99997109693921
GENERAL_SETTINGS_FILE = '_genl_settings_DEFAULT.conf'

# CALIBRATION
LENGTH_R1 = 2.9948730648565527
LENGTH_R2 = 2.9884993540686557
OFFSET_T = -177.8933672675993
OFFSET_P = -17.726834001902773
GEAR_CALIB_T = 1.0
GEAR_CALIB_P = 1.0
GEAR_TYPE_T = 'namiki'
GEAR_TYPE_P = 'namiki'
OFFSET_X = 85.810046061274974
OFFSET_Y = 28.61031234552047
PHYSICAL_RANGE_T = 393.66666583199429
PHYSICAL_RANGE_P = 187.21131436403638
MOTOR_CCW_DIR_T = -1
MOTOR_CCW_DIR_P = -1
MOTOR_ID_T = 1
MOTOR_ID_P = 0

# HISTORY
TOTAL_MOVE_SEQUENCES = 43
TOTAL_CRUISE_MOVES_T = 30
TOTAL_CRUISE_MOVES_P = 18
TOTAL_CREEP_MOVES_T = 90
TOTAL_CREEP_MOVES_P = 102
TOTAL_LIMIT_SEEKS_T = 4
TOTAL_LIMIT_SEEKS_P = 5
LAST_PRIMARY_HARDSTOP_DIR_T = -1.0
LAST_PRIMARY_HARDSTOP_DIR_P = 1.0
LAST_MOVE_CMD = 'posTP; (auto backlash backup); (auto final creep)'
LAST_MOVE_VAL1 = '187.833; 3; -2.99577'
LAST_MOVE_VAL2 = '107; -0; 2.89031e-05'
LAST_MEAS_OBS_X = 88.55681889432192
LAST_MEAS_OBS_Y = 31.094248386313406
