# Template file for configuration of individual fiber positioner unit.

# ID
POS_ID = 'M00082'
CAN_ID = 82
DEVICE_ID = -1
PETAL_ID = -1

# STATE
POS_T = -172.59136019691823
POS_P = 149.13805913580231
GENERAL_SETTINGS_FILE = '_genl_settings_DEFAULT.conf'

# CALIBRATION
LENGTH_R1 = 2.7844268071620473
LENGTH_R2 = 3.0208849537201523
OFFSET_T = 167.33883516437962
OFFSET_P = -8.4975032149924488
GEAR_CALIB_T = 1.0
GEAR_CALIB_P = 1.0
GEAR_TYPE_T = 'namiki'
GEAR_TYPE_P = 'namiki'
OFFSET_X = 39.776547204086825
OFFSET_Y = 65.099761763348184
PHYSICAL_RANGE_T = 393.47411224568856
PHYSICAL_RANGE_P = 190.0
MOTOR_CCW_DIR_T = -1
MOTOR_CCW_DIR_P = -1
MOTOR_ID_T = 1
MOTOR_ID_P = 0

# HISTORY
TOTAL_MOVE_SEQUENCES = 7868
TOTAL_CRUISE_MOVES_T = 3401
TOTAL_CRUISE_MOVES_P = 2872
TOTAL_CREEP_MOVES_T = 19995
TOTAL_CREEP_MOVES_P = 20524
TOTAL_LIMIT_SEEKS_T = 138
TOTAL_LIMIT_SEEKS_P = 159
LAST_PRIMARY_HARDSTOP_DIR_T = -1.0
LAST_PRIMARY_HARDSTOP_DIR_P = 1.0
LAST_MOVE_CMD = 'obsXY; (auto backlash backup); (auto final creep)'
LAST_MOVE_VAL1 = '40.3988; 3; -3.0003'
LAST_MOVE_VAL2 = '66.9664; -3; 2.99724'
LAST_MEAS_OBS_X = 40.4012024312411
LAST_MEAS_OBS_Y = 65.72284737730378
