# Configuration file for unit M00429.

#ID
POS_ID = 'M00429'
CAN_ID = 495
DEVICE_ID = -1
PETAL_ID = -1

# STATE
POS_T = 184.99985453409306
POS_P = -2.9999711649731111
GENERAL_SETTINGS_FILE = '_genl_settings_DEFAULT.conf'

# CALIBRATION
LENGTH_R1 = 3.093012195030127
LENGTH_R2 = 2.9815223764675993
OFFSET_T = -136.48357108004458
OFFSET_P = -0.20148090734824109
GEAR_CALIB_T = 1.0
GEAR_CALIB_P = 1.0
GEAR_TYPE_T = 'namiki'
GEAR_TYPE_P = 'namiki'
OFFSET_X = 76.403342477193675
OFFSET_Y = 17.33171169371813
PHYSICAL_RANGE_T = 392.50084969724657
PHYSICAL_RANGE_P = 186.22708636534702
MOTOR_CCW_DIR_T = -1
MOTOR_CCW_DIR_P = -1
MOTOR_ID_T = 1
MOTOR_ID_P = 0

# HISTORY
TOTAL_MOVE_SEQUENCES = 917
TOTAL_CRUISE_MOVES_T = 234
TOTAL_CRUISE_MOVES_P = 237
TOTAL_CREEP_MOVES_T = 2499
TOTAL_CREEP_MOVES_P = 2496
TOTAL_LIMIT_SEEKS_T = 10
TOTAL_LIMIT_SEEKS_P = 12
LAST_PRIMARY_HARDSTOP_DIR_T = -1.0
LAST_PRIMARY_HARDSTOP_DIR_P = 1.0
LAST_MOVE_CMD = 'posTP; (auto backlash backup); (auto final creep)'
LAST_MOVE_VAL1 = '185; 3; -2.99992'
LAST_MOVE_VAL2 = '-3; -3; -4.13686'
LAST_MEAS_OBS_X = 82.20353267207679
LAST_MEAS_OBS_Y = 17.332634561289897
