# Template file for configuration of individual fiber positioner unit.

# ID
POS_ID = 'M00267'
CAN_ID = 230
DEVICE_ID = -1
PETAL_ID = -1

# STATE
POS_T = 3.8332810731844802e-05
POS_P = 169.99993479545097
GENERAL_SETTINGS_FILE = '_genl_settings_DEFAULT.conf'

# CALIBRATION
LENGTH_R1 = 3.0227385176322388
LENGTH_R2 = 3.0295232319506145
OFFSET_T = -111.31852918869271
OFFSET_P = -2.2657437343164304
GEAR_CALIB_T = 1.0
GEAR_CALIB_P = 1.0
GEAR_TYPE_T = 'namiki'
GEAR_TYPE_P = 'namiki'
OFFSET_X = 46.67011884058038
OFFSET_Y = 47.994527255710786
PHYSICAL_RANGE_T = 392.67534135907
PHYSICAL_RANGE_P = 187.29644392606968
MOTOR_CCW_DIR_T = -1
MOTOR_CCW_DIR_P = -1
MOTOR_ID_T = 1
MOTOR_ID_P = 0

# HISTORY
TOTAL_MOVE_SEQUENCES = 124
TOTAL_CRUISE_MOVES_T = 73
TOTAL_CRUISE_MOVES_P = 65
TOTAL_CREEP_MOVES_T = 281
TOTAL_CREEP_MOVES_P = 289
TOTAL_LIMIT_SEEKS_T = 10
TOTAL_LIMIT_SEEKS_P = 12
LAST_PRIMARY_HARDSTOP_DIR_T = -1.0
LAST_PRIMARY_HARDSTOP_DIR_P = 1.0
LAST_MOVE_CMD = 'direct_dtdp; (auto backlash backup); (auto final creep)'
LAST_MOVE_VAL1 = '0; 0; 0'
LAST_MOVE_VAL2 = '-10; -3; 2.99712'
LAST_MEAS_OBS_X = 40.869004813513584
LAST_MEAS_OBS_Y = 47.99353544474225
