# Configuration file for unit M00334.

#ID
POS_ID = 'M00334'
CAN_ID = 53
DEVICE_ID = -1
PETAL_ID = -1

# STATE
POS_T = 180.00009732409808
POS_P = -2.9999933974730695
GENERAL_SETTINGS_FILE = '_genl_settings_DEFAULT.conf'

# CALIBRATION
LENGTH_R1 = 3.0125985618647921
LENGTH_R2 = 3.1489424934267647
OFFSET_T = -108.96135953652107
OFFSET_P = -3.7937903270741629
GEAR_CALIB_T = 1.0
GEAR_CALIB_P = 1.0
GEAR_TYPE_T = 'namiki'
GEAR_TYPE_P = 'namiki'
OFFSET_X = 60.19921978326812
OFFSET_Y = 48.728263799997819
PHYSICAL_RANGE_T = 391.62650189501403
PHYSICAL_RANGE_P = 184.34644525258369
MOTOR_CCW_DIR_T = -1
MOTOR_CCW_DIR_P = -1
MOTOR_ID_T = 1
MOTOR_ID_P = 0

# HISTORY
TOTAL_MOVE_SEQUENCES = 2656
TOTAL_CRUISE_MOVES_T = 665
TOTAL_CRUISE_MOVES_P = 645
TOTAL_CREEP_MOVES_T = 7272
TOTAL_CREEP_MOVES_P = 7292
TOTAL_LIMIT_SEEKS_T = 19
TOTAL_LIMIT_SEEKS_P = 23
LAST_PRIMARY_HARDSTOP_DIR_T = -1.0
LAST_PRIMARY_HARDSTOP_DIR_P = 1.0
LAST_MOVE_CMD = 'posTP; (auto backlash backup); (auto final creep)'
LAST_MOVE_VAL1 = '180; 3; -3.00283'
LAST_MOVE_VAL2 = '-3; -3; -4.15166'
LAST_MEAS_OBS_X = 65.99924650391016
LAST_MEAS_OBS_Y = 48.72739888042989
