# Template file for configuration of individual fiber positioner unit.

# ID
POS_ID = 'M00177'
CAN_ID = 400
DEVICE_ID = -1
PETAL_ID = -1

# STATE
POS_T = 65.333941349919044
POS_P = 29.943577823161238
GENERAL_SETTINGS_FILE = '_genl_settings_DEFAULT.conf'

# CALIBRATION
LENGTH_R1 = 2.8901524543498622
LENGTH_R2 = 3.0598618231720245
OFFSET_T = -78.841939321621908
OFFSET_P = -3.9435893487741254
GEAR_CALIB_T = 1.0
GEAR_CALIB_P = 1.0
GEAR_TYPE_T = 'namiki'
GEAR_TYPE_P = 'namiki'
OFFSET_X = 34.517062003229476
OFFSET_Y = 15.994573192360084
PHYSICAL_RANGE_T = 393.52542273225902
PHYSICAL_RANGE_P = 184.85073168320315
MOTOR_CCW_DIR_T = -1
MOTOR_CCW_DIR_P = -1
MOTOR_ID_T = 1
MOTOR_ID_P = 0

# HISTORY
TOTAL_MOVE_SEQUENCES = 4474
TOTAL_CRUISE_MOVES_T = 921
TOTAL_CRUISE_MOVES_P = 919
TOTAL_CREEP_MOVES_T = 12457
TOTAL_CREEP_MOVES_P = 12459
TOTAL_LIMIT_SEEKS_T = 25
TOTAL_LIMIT_SEEKS_P = 30
LAST_PRIMARY_HARDSTOP_DIR_T = -1.0
LAST_PRIMARY_HARDSTOP_DIR_P = 1.0
LAST_MOVE_CMD = 'dXdY; (auto backlash backup); (auto final creep)'
LAST_MOVE_VAL1 = '-0.000187483; 3; -3.00001'
LAST_MOVE_VAL2 = '0.000246531; -3; 3.00018'
LAST_MEAS_OBS_X = 40.31697361299474
LAST_MEAS_OBS_Y = 15.99525813553749
