# Template file for configuration of individual fiber positioner unit.

# ID
POS_ID = 'M00265'
CAN_ID = 204
DEVICE_ID = -1
PETAL_ID = -1

# STATE
POS_T = -3.3144133141149723e-05
POS_P = 180.0000684289686
GENERAL_SETTINGS_FILE = '_genl_settings_DEFAULT.conf'

# CALIBRATION
LENGTH_R1 = 2.9768548794479432
LENGTH_R2 = 3.0775962174110973
OFFSET_T = -160.05635653874808
OFFSET_P = -0.8789442739168862
GEAR_CALIB_T = 1.0
GEAR_CALIB_P = 1.0
GEAR_TYPE_T = 'namiki'
GEAR_TYPE_P = 'namiki'
OFFSET_X = 60.858055713320425
OFFSET_Y = 48.06722512626652
PHYSICAL_RANGE_T = 392.9553045598713
PHYSICAL_RANGE_P = 184.40212785567348
MOTOR_CCW_DIR_T = -1
MOTOR_CCW_DIR_P = -1
MOTOR_ID_T = 1
MOTOR_ID_P = 0

# HISTORY
TOTAL_MOVE_SEQUENCES = 125
TOTAL_CRUISE_MOVES_T = 69
TOTAL_CRUISE_MOVES_P = 62
TOTAL_CREEP_MOVES_T = 288
TOTAL_CREEP_MOVES_P = 295
TOTAL_LIMIT_SEEKS_T = 10
TOTAL_LIMIT_SEEKS_P = 12
LAST_PRIMARY_HARDSTOP_DIR_T = -1.0
LAST_PRIMARY_HARDSTOP_DIR_P = 1.0
LAST_MOVE_CMD = 'direct_dtdp; (auto backlash backup); (auto final creep)'
LAST_MOVE_VAL1 = '0; 0; 0'
LAST_MOVE_VAL2 = '10; -3; 3.00301'
LAST_MEAS_OBS_X = 60.96851694416866
LAST_MEAS_OBS_Y = 48.05708877636282
