# Configuration file for unit M00335.

#ID
POS_ID = 'M00335'
CAN_ID = 176
DEVICE_ID = -1
PETAL_ID = -1

# STATE
POS_T = -180.00014583620035
POS_P = -2.999971975308604
GENERAL_SETTINGS_FILE = '_genl_settings_DEFAULT.conf'

# CALIBRATION
LENGTH_R1 = 3.0100730404888392
LENGTH_R2 = 3.1011973628291911
OFFSET_T = 45.051410790085832
OFFSET_P = -8.6778348470049309
GEAR_CALIB_T = 1.0
GEAR_CALIB_P = 1.0
GEAR_TYPE_T = 'namiki'
GEAR_TYPE_P = 'namiki'
OFFSET_X = 37.905318036516142
OFFSET_Y = 31.938943698871942
PHYSICAL_RANGE_T = 394.14475438845017
PHYSICAL_RANGE_P = 190.0
MOTOR_CCW_DIR_T = -1
MOTOR_CCW_DIR_P = -1
MOTOR_ID_T = 1
MOTOR_ID_P = 0

# HISTORY
TOTAL_MOVE_SEQUENCES = 3445
TOTAL_CRUISE_MOVES_T = 935
TOTAL_CRUISE_MOVES_P = 861
TOTAL_CREEP_MOVES_T = 9311
TOTAL_CREEP_MOVES_P = 9385
TOTAL_LIMIT_SEEKS_T = 50
TOTAL_LIMIT_SEEKS_P = 60
LAST_PRIMARY_HARDSTOP_DIR_T = -1.0
LAST_PRIMARY_HARDSTOP_DIR_P = 1.0
LAST_MOVE_CMD = 'posTP; (auto backlash backup); (auto final creep)'
LAST_MOVE_VAL1 = '180; 3; -2.99518'
LAST_MOVE_VAL2 = '-3; -3; -4.10159'
LAST_MEAS_OBS_X = 43.70548836568907
LAST_MEAS_OBS_Y = 31.938350416823507
