# Configuration file for unit M00358.

#ID
POS_ID = 'M00358'
CAN_ID = 24
DEVICE_ID = -1
PETAL_ID = -1

# STATE
POS_T = -179.99994572868783
POS_P = -2.9999719753087106
GENERAL_SETTINGS_FILE = '_genl_settings_DEFAULT.conf'

# CALIBRATION
LENGTH_R1 = 3.029886134198942
LENGTH_R2 = 3.1281652640661286
OFFSET_T = -18.127697257075223
OFFSET_P = -0.53205102152345773
GEAR_CALIB_T = 1.0
GEAR_CALIB_P = 1.0
GEAR_TYPE_T = 'namiki'
GEAR_TYPE_P = 'namiki'
OFFSET_X = 15.653258834378141
OFFSET_Y = 16.123691725714135
PHYSICAL_RANGE_T = 394.61329022280768
PHYSICAL_RANGE_P = 190.0
MOTOR_CCW_DIR_T = -1
MOTOR_CCW_DIR_P = -1
MOTOR_ID_T = 1
MOTOR_ID_P = 0

# HISTORY
TOTAL_MOVE_SEQUENCES = 3876
TOTAL_CRUISE_MOVES_T = 1138
TOTAL_CRUISE_MOVES_P = 1033
TOTAL_CREEP_MOVES_T = 10346
TOTAL_CREEP_MOVES_P = 10451
TOTAL_LIMIT_SEEKS_T = 79
TOTAL_LIMIT_SEEKS_P = 92
LAST_PRIMARY_HARDSTOP_DIR_T = -1.0
LAST_PRIMARY_HARDSTOP_DIR_P = 1.0
LAST_MOVE_CMD = 'posTP; (auto backlash backup); (auto final creep)'
LAST_MOVE_VAL1 = '180; 3; -2.99982'
LAST_MOVE_VAL2 = '-3; -3; -4.10218'
LAST_MEAS_OBS_X = 21.453526734230884
LAST_MEAS_OBS_Y = 16.127227249604374
