# Template file for configuration of individual fiber positioner unit.

# ID
POS_ID = 'M00015'
CAN_ID = 1015
DEVICE_ID = -1
PETAL_ID = -1

# STATE
POS_T = -146.14187910748967
POS_P = 155.27748283002006
GENERAL_SETTINGS_FILE = '_genl_settings_DEFAULT.conf'

# CALIBRATION
LENGTH_R1 = 3.0376507928802736
LENGTH_R2 = 3.0362572668695527
OFFSET_T = -38.260619665060865
OFFSET_P = 1.5
GEAR_CALIB_T = 1.0
GEAR_CALIB_P = 1.0
GEAR_TYPE_T = 'namiki'
GEAR_TYPE_P = 'namiki'
OFFSET_X = 29.944737018141954
OFFSET_Y = 41.70213310505828
PHYSICAL_RANGE_T = 394.45477574584265
PHYSICAL_RANGE_P = 187.7163477893956
MOTOR_CCW_DIR_T = -1
MOTOR_CCW_DIR_P = -1
MOTOR_ID_T = 1
MOTOR_ID_P = 0

# HISTORY
TOTAL_MOVE_SEQUENCES = 15669
TOTAL_CRUISE_MOVES_T = 3054
TOTAL_CRUISE_MOVES_P = 3103
TOTAL_CREEP_MOVES_T = 43870
TOTAL_CREEP_MOVES_P = 43821
TOTAL_LIMIT_SEEKS_T = 40
TOTAL_LIMIT_SEEKS_P = 48
LAST_PRIMARY_HARDSTOP_DIR_T = -1.0
LAST_PRIMARY_HARDSTOP_DIR_P = 1.0
LAST_MOVE_CMD = 'dXdY; (auto backlash backup); (auto final creep)'
LAST_MOVE_VAL1 = '0.107589; 3; -3.00017'
LAST_MOVE_VAL2 = '0.163772; -3; 3.00004'
LAST_MEAS_OBS_X = 29.390993759512
LAST_MEAS_OBS_Y = 40.19989922736268
