# Configuration file for unit M00386.

#ID
POS_ID = 'M00386'
CAN_ID = 348
DEVICE_ID = -1
PETAL_ID = -1

# STATE
POS_T = -129.34133497764444
POS_P = 106.3494412781794
GENERAL_SETTINGS_FILE = '_genl_settings_DEFAULT.conf'

# CALIBRATION
LENGTH_R1 = 2.929224481177632
LENGTH_R2 = 3.1069856441884576
OFFSET_T = 176.20564161676424
OFFSET_P = -1.8168506668208835
GEAR_CALIB_T = 1.0
GEAR_CALIB_P = 1.0
GEAR_TYPE_T = 'namiki'
GEAR_TYPE_P = 'namiki'
OFFSET_X = 46.423934327350317
OFFSET_Y = 16.379604148636382
PHYSICAL_RANGE_T = 394.67280995528904
PHYSICAL_RANGE_P = 184.09033661968485
MOTOR_CCW_DIR_T = -1
MOTOR_CCW_DIR_P = -1
MOTOR_ID_T = 1
MOTOR_ID_P = 0

# HISTORY
TOTAL_MOVE_SEQUENCES = 57157
TOTAL_CRUISE_MOVES_T = 14822
TOTAL_CRUISE_MOVES_P = 15404
TOTAL_CREEP_MOVES_T = 155674
TOTAL_CREEP_MOVES_P = 155092
TOTAL_LIMIT_SEEKS_T = 509
TOTAL_LIMIT_SEEKS_P = 622
LAST_PRIMARY_HARDSTOP_DIR_T = -1.0
LAST_PRIMARY_HARDSTOP_DIR_P = 1.0
LAST_MOVE_CMD = 'obsXY; (auto backlash backup); (auto final creep)'
LAST_MOVE_VAL1 = '45.6989; 3; -3.00045'
LAST_MOVE_VAL2 = '20.0046; -3; 3.00331'
LAST_MEAS_OBS_X = 45.69851077829495
LAST_MEAS_OBS_Y = 19.279429777399727
