# Settings file for unit: M00391

POS_ID = 'M00391'
CAN_ID = 391
DEVICE_ID = -1
PETAL_ID = -1

# STATE
POS_T = 54.252121311948706
POS_P = 50.523911570102193
GENERAL_SETTINGS_FILE = '_genl_settings_DEFAULT.conf'

# CALIBRATION
LENGTH_R1 = 2.9857095229464004
LENGTH_R2 = 2.9290288644696583
OFFSET_T = -43.576660367437213
OFFSET_P = -0.55803929986927325
GEAR_CALIB_T = 1.0
GEAR_CALIB_P = 1.0
GEAR_TYPE_T = 'namiki'
GEAR_TYPE_P = 'namiki'
OFFSET_X = 45.189997164966016
OFFSET_Y = 10.587918442127593
PHYSICAL_RANGE_T = 393.65558972178263
PHYSICAL_RANGE_P = 185.82673035513483
MOTOR_CCW_DIR_T = -1
MOTOR_CCW_DIR_P = -1
MOTOR_ID_T = 1
MOTOR_ID_P = 0

# HISTORY
TOTAL_MOVE_SEQUENCES = 1866
TOTAL_CRUISE_MOVES_T = 878
TOTAL_CRUISE_MOVES_P = 929
TOTAL_CREEP_MOVES_T = 4639
TOTAL_CREEP_MOVES_P = 4588
TOTAL_LIMIT_SEEKS_T = 56
TOTAL_LIMIT_SEEKS_P = 67
LAST_PRIMARY_HARDSTOP_DIR_T = -1.0
LAST_PRIMARY_HARDSTOP_DIR_P = 1.0
LAST_MOVE_CMD = 'dXdY; (auto backlash backup); (auto final creep)'
LAST_MOVE_VAL1 = '-7.19887e-05; 3; -3'
LAST_MOVE_VAL2 = '-0.00261501; -3; 3'
LAST_MEAS_OBS_X = 49.54701528929584
LAST_MEAS_OBS_Y = 13.697773869827092
