# Template file for configuration of individual fiber positioner unit.

# ID
POS_ID = 'M00055'
CAN_ID = 74
DEVICE_ID = -1
PETAL_ID = -1

# STATE
POS_T = 141.83162699598785
POS_P = 39.583779173947619
GENERAL_SETTINGS_FILE = '_genl_settings_DEFAULT.conf'

# CALIBRATION
LENGTH_R1 = 2.9996713154998473
LENGTH_R2 = 2.9991352035857641
OFFSET_T = -164.44076409167593
OFFSET_P = 2.9560945867577573
GEAR_CALIB_T = 1.0
GEAR_CALIB_P = 1.0
GEAR_TYPE_T = 'namiki'
GEAR_TYPE_P = 'namiki'
OFFSET_X = 37.54814673452227
OFFSET_Y = 48.320996727617342
PHYSICAL_RANGE_T = 392.86016255123445
PHYSICAL_RANGE_P = 183.49801824528953
MOTOR_CCW_DIR_T = -1
MOTOR_CCW_DIR_P = -1
MOTOR_ID_T = 1
MOTOR_ID_P = 0

# HISTORY
TOTAL_MOVE_SEQUENCES = 3083
TOTAL_CRUISE_MOVES_T = 789
TOTAL_CRUISE_MOVES_P = 747
TOTAL_CREEP_MOVES_T = 8413
TOTAL_CREEP_MOVES_P = 8455
TOTAL_LIMIT_SEEKS_T = 36
TOTAL_LIMIT_SEEKS_P = 42
LAST_PRIMARY_HARDSTOP_DIR_T = -1.0
LAST_PRIMARY_HARDSTOP_DIR_P = 1.0
LAST_MOVE_CMD = 'dXdY; (auto backlash backup); (auto final creep)'
LAST_MOVE_VAL1 = '-0.000568098; 3; -3.0002'
LAST_MOVE_VAL2 = '0.00016787; -3; 2.99995'
LAST_MEAS_OBS_X = 43.14790930274542
LAST_MEAS_OBS_Y = 48.32086421784237
