# Template file for configuration of individual fiber positioner unit.

# ID
POS_ID = 'M00270'
CAN_ID = 206
DEVICE_ID = -1
PETAL_ID = -1

# STATE
POS_T = -0.00014701124166549562
POS_P = 179.9998796130275
GENERAL_SETTINGS_FILE = '_genl_settings_DEFAULT.conf'

# CALIBRATION
LENGTH_R1 = 2.8820242928999695
LENGTH_R2 = 3.0254299762491157
OFFSET_T = 32.42922320034619
OFFSET_P = -3.8966767310850514
GEAR_CALIB_T = 1.0
GEAR_CALIB_P = 1.0
GEAR_TYPE_T = 'namiki'
GEAR_TYPE_P = 'namiki'
OFFSET_X = 54.68667802536412
OFFSET_Y = 31.824620820461003
PHYSICAL_RANGE_T = 392.923518960755
PHYSICAL_RANGE_P = 188.49971565850143
MOTOR_CCW_DIR_T = -1
MOTOR_CCW_DIR_P = -1
MOTOR_ID_T = 1
MOTOR_ID_P = 0

# HISTORY
TOTAL_MOVE_SEQUENCES = 123
TOTAL_CRUISE_MOVES_T = 69
TOTAL_CRUISE_MOVES_P = 62
TOTAL_CREEP_MOVES_T = 282
TOTAL_CREEP_MOVES_P = 289
TOTAL_LIMIT_SEEKS_T = 10
TOTAL_LIMIT_SEEKS_P = 12
LAST_PRIMARY_HARDSTOP_DIR_T = -1.0
LAST_PRIMARY_HARDSTOP_DIR_P = 1.0
LAST_MOVE_CMD = 'posTP; (auto final creep)'
LAST_MOVE_VAL1 = '0; 0.000147011'
LAST_MOVE_VAL2 = '180; 0.000120387'
LAST_MEAS_OBS_X = 48.88689011462548
LAST_MEAS_OBS_Y = 31.823438135100997
