# Template file for configuration of individual fiber positioner unit.

# ID
POS_ID = 'M00034'
CAN_ID = 91
DEVICE_ID = -1
PETAL_ID = -1

# STATE
POS_T = 6.6307256075098557
POS_P = 51.619923455101173
GENERAL_SETTINGS_FILE = '_genl_settings_DEFAULT.conf'

# CALIBRATION
LENGTH_R1 = 2.9762282222388765
LENGTH_R2 = 3.0332787380504556
OFFSET_T = -170.45843026723927
OFFSET_P = 5.4438749850384056
GEAR_CALIB_T = 1.0
GEAR_CALIB_P = 1.0
GEAR_TYPE_T = 'namiki'
GEAR_TYPE_P = 'namiki'
OFFSET_X = 26.64637664499854
OFFSET_Y = 10.223330382658474
PHYSICAL_RANGE_T = 387.25664063683234
PHYSICAL_RANGE_P = 185.3633872036812
MOTOR_CCW_DIR_T = -1
MOTOR_CCW_DIR_P = -1
MOTOR_ID_T = 1
MOTOR_ID_P = 0

# HISTORY
TOTAL_MOVE_SEQUENCES = 7078
TOTAL_CRUISE_MOVES_T = 2449
TOTAL_CRUISE_MOVES_P = 2268
TOTAL_CREEP_MOVES_T = 18655
TOTAL_CREEP_MOVES_P = 18836
TOTAL_LIMIT_SEEKS_T = 90
TOTAL_LIMIT_SEEKS_P = 106
LAST_PRIMARY_HARDSTOP_DIR_T = -1.0
LAST_PRIMARY_HARDSTOP_DIR_P = 1.0
LAST_MOVE_CMD = 'obsXY; (auto backlash backup); (auto final creep)'
LAST_MOVE_VAL1 = '22.913; 3; -3.00146'
LAST_MOVE_VAL2 = '6.49; -3; 3.00392'
LAST_MEAS_OBS_X = 21.09071948734615
LAST_MEAS_OBS_Y = 10.014149440482365
