# Configuration file for M00073

# ID
POS_ID = 'M00073'
CAN_ID = 73
DEVICE_ID = -1
PETAL_ID = -1

# STATE
POS_T = -61.235926769467532
POS_P = 143.68851350905243
GENERAL_SETTINGS_FILE = '_genl_settings_DEFAULT.conf'

# CALIBRATION
LENGTH_R1 = 2.7167315135774741
LENGTH_R2 = 2.9765044579439781
OFFSET_T = 55.733205216561288
OFFSET_P = -3.8008806664609551
GEAR_CALIB_T = 1.0
GEAR_CALIB_P = 1.0
GEAR_TYPE_T = 'namiki'
GEAR_TYPE_P = 'namiki'
OFFSET_X = 24.605255906682533
OFFSET_Y = 28.802907185661613
PHYSICAL_RANGE_T = 391.64338860066403
PHYSICAL_RANGE_P = 184.1747361794894
MOTOR_CCW_DIR_T = -1
MOTOR_CCW_DIR_P = -1
MOTOR_ID_T = 1
MOTOR_ID_P = 0

# HISTORY
TOTAL_MOVE_SEQUENCES = 7894
TOTAL_CRUISE_MOVES_T = 3352
TOTAL_CRUISE_MOVES_P = 3282
TOTAL_CREEP_MOVES_T = 20158
TOTAL_CREEP_MOVES_P = 20228
TOTAL_LIMIT_SEEKS_T = 138
TOTAL_LIMIT_SEEKS_P = 159
LAST_PRIMARY_HARDSTOP_DIR_T = -1.0
LAST_PRIMARY_HARDSTOP_DIR_P = 1.0
LAST_MOVE_CMD = 'obsXY; (auto backlash backup); (auto final creep)'
LAST_MOVE_VAL1 = '25.2275; 3; -3.00151'
LAST_MOVE_VAL2 = '30.6696; -3; 2.99585'
LAST_MEAS_OBS_X = 25.227592435555604
LAST_MEAS_OBS_Y = 29.42398349079116
