# Settings file for fiber positioner unit: UM00011

POS_ID = 'UM00011'
CAN_ID = 11
DEVICE_ID = -1
PETAL_ID = -1

# STATE
POS_T = -64.330019415268126
POS_P = 25.576056022840689
GENERAL_SETTINGS_FILE = '_genl_settings_DEFAULT.conf'

# CALIBRATION
LENGTH_R1 = 2.9144959149030374
LENGTH_R2 = 2.8862399821962104
OFFSET_T = 96.60537123642227
OFFSET_P = 0.0
GEAR_CALIB_T = 1.0
GEAR_CALIB_P = 1.0
GEAR_TYPE_T = 'namiki'
GEAR_TYPE_P = 'namiki'
OFFSET_X = 12.902674921021354
OFFSET_Y = 7.254665425838683
PHYSICAL_RANGE_T = 376.5954699416475
PHYSICAL_RANGE_P = 226.34612966517147
MOTOR_CCW_DIR_T = 1
MOTOR_CCW_DIR_P = 1
MOTOR_ID_T = 1
MOTOR_ID_P = 0

# HISTORY
TOTAL_MOVE_SEQUENCES = 489
TOTAL_CRUISE_MOVES_T = 346
TOTAL_CRUISE_MOVES_P = 384
TOTAL_CREEP_MOVES_T = 1099
TOTAL_CREEP_MOVES_P = 1061
TOTAL_LIMIT_SEEKS_T = 54
TOTAL_LIMIT_SEEKS_P = 56
LAST_PRIMARY_HARDSTOP_DIR_T = -1.0
LAST_PRIMARY_HARDSTOP_DIR_P = 1.0
LAST_MOVE_CMD = 'posXY; (auto backlash backup); (auto final creep)'
LAST_MOVE_VAL1 = '4; 3; -3.00491'
LAST_MOVE_VAL2 = '4; -3; 2.99723'
LAST_MEAS_OBS_X = 13.903486180989578
LAST_MEAS_OBS_Y = 7.590782920255229
