# Template file for configuration of individual fiber positioner unit.

# ID
POS_ID = 'M00043'
CAN_ID = 43
DEVICE_ID = -1
PETAL_ID = -1

# STATE
POS_T = -60.172074822016782
POS_P = 146.77855790123459
GENERAL_SETTINGS_FILE = '_genl_settings_DEFAULT.conf'

# CALIBRATION
LENGTH_R1 = 2.8887406184246736
LENGTH_R2 = 2.9934877904071731
OFFSET_T = 58.377756453403975
OFFSET_P = -5.8122727210312917
GEAR_CALIB_T = 1.0
GEAR_CALIB_P = 1.0
GEAR_TYPE_T = 'namiki'
GEAR_TYPE_P = 'namiki'
OFFSET_X = 24.686469512023343
OFFSET_Y = 58.036289568860326
PHYSICAL_RANGE_T = 392.84151433539205
PHYSICAL_RANGE_P = 190.0
MOTOR_CCW_DIR_T = -1
MOTOR_CCW_DIR_P = -1
MOTOR_ID_T = 1
MOTOR_ID_P = 0

# HISTORY
TOTAL_MOVE_SEQUENCES = 7880
TOTAL_CRUISE_MOVES_T = 3352
TOTAL_CRUISE_MOVES_P = 2908
TOTAL_CREEP_MOVES_T = 20080
TOTAL_CREEP_MOVES_P = 20524
TOTAL_LIMIT_SEEKS_T = 138
TOTAL_LIMIT_SEEKS_P = 159
LAST_PRIMARY_HARDSTOP_DIR_T = -1.0
LAST_PRIMARY_HARDSTOP_DIR_P = 1.0
LAST_MOVE_CMD = 'obsXY; (auto backlash backup); (auto final creep)'
LAST_MOVE_VAL1 = '25.3087; 3; -3.00377'
LAST_MOVE_VAL2 = '59.903; -3; 3.00478'
LAST_MEAS_OBS_X = 25.309122795872582
LAST_MEAS_OBS_Y = 58.65900650663515
