# Template file for configuration of individual fiber positioner unit.

# ID
POS_ID = 'M00265'
CAN_ID = 204
DEVICE_ID = -1
PETAL_ID = -1

# STATE
POS_T = 108.92178349464119
POS_P = 34.199740834753968
GENERAL_SETTINGS_FILE = '_genl_settings_DEFAULT.conf'

# CALIBRATION
LENGTH_R1 = 2.9832887581375283
LENGTH_R2 = 3.0837596865419168
OFFSET_T = -115.9777654051822
OFFSET_P = 0.53552622598884625
GEAR_CALIB_T = 1.0
GEAR_CALIB_P = 1.0
GEAR_TYPE_T = 'namiki'
GEAR_TYPE_P = 'namiki'
OFFSET_X = 30.200906020732052
OFFSET_Y = 47.950325239411086
PHYSICAL_RANGE_T = 393.68981868973026
PHYSICAL_RANGE_P = 183.86882401315719
MOTOR_CCW_DIR_T = -1
MOTOR_CCW_DIR_P = -1
MOTOR_ID_T = 1
MOTOR_ID_P = 0

# HISTORY
TOTAL_MOVE_SEQUENCES = 3143
TOTAL_CRUISE_MOVES_T = 828
TOTAL_CRUISE_MOVES_P = 777
TOTAL_CREEP_MOVES_T = 8527
TOTAL_CREEP_MOVES_P = 8578
TOTAL_LIMIT_SEEKS_T = 38
TOTAL_LIMIT_SEEKS_P = 47
LAST_PRIMARY_HARDSTOP_DIR_T = -1.0
LAST_PRIMARY_HARDSTOP_DIR_P = 1.0
LAST_MOVE_CMD = 'dXdY; (auto backlash backup); (auto final creep)'
LAST_MOVE_VAL1 = '-0.00732749; 3; -2.99997'
LAST_MOVE_VAL2 = '-0.0288036; -3; 3.00005'
LAST_MEAS_OBS_X = 35.99836833227419
LAST_MEAS_OBS_Y = 47.96089920061063
