# Template file for configuration of individual fiber positioner unit.

# ID
POS_ID = 'M00240'
CAN_ID = 69
DEVICE_ID = -1
PETAL_ID = -1

# STATE
POS_T = -11.784595092098224
POS_P = 40.709937942315094
GENERAL_SETTINGS_FILE = '_genl_settings_DEFAULT.conf'

# CALIBRATION
LENGTH_R1 = 3.1081107174184339
LENGTH_R2 = 3.0350797874606035
OFFSET_T = -7.6021468116402175
OFFSET_P = -2.1778532057000035
GEAR_CALIB_T = 1.0
GEAR_CALIB_P = 1.0
GEAR_TYPE_T = 'namiki'
GEAR_TYPE_P = 'namiki'
OFFSET_X = 44.928541815327002
OFFSET_Y = 48.521190095334163
PHYSICAL_RANGE_T = 393.19026549283808
PHYSICAL_RANGE_P = 188.39828673559708
MOTOR_CCW_DIR_T = -1
MOTOR_CCW_DIR_P = -1
MOTOR_ID_T = 1
MOTOR_ID_P = 0

# HISTORY
TOTAL_MOVE_SEQUENCES = 3370
TOTAL_CRUISE_MOVES_T = 826
TOTAL_CRUISE_MOVES_P = 815
TOTAL_CREEP_MOVES_T = 9204
TOTAL_CREEP_MOVES_P = 9215
TOTAL_LIMIT_SEEKS_T = 40
TOTAL_LIMIT_SEEKS_P = 49
LAST_PRIMARY_HARDSTOP_DIR_T = -1.0
LAST_PRIMARY_HARDSTOP_DIR_P = 1.0
LAST_MOVE_CMD = 'dXdY; (auto backlash backup); (auto final creep)'
LAST_MOVE_VAL1 = '0.000507751; 3; -3.00016'
LAST_MOVE_VAL2 = '-0.000342222; -3; 3'
LAST_MEAS_OBS_X = 50.72847682070068
LAST_MEAS_OBS_Y = 48.52131942523009
