# Template file for configuration of individual fiber positioner unit.

# ID
POS_ID = 'M00056'
CAN_ID = 399
DEVICE_ID = -1
PETAL_ID = -1

# STATE
POS_T = -95.763892008000425
POS_P = 109.77998108546224
GENERAL_SETTINGS_FILE = '_genl_settings_DEFAULT.conf'

# CALIBRATION
LENGTH_R1 = 3.0554176928777368
LENGTH_R2 = 3.1296584036475514
OFFSET_T = -124.63427177214901
OFFSET_P = -2.7700165578286686
GEAR_CALIB_T = 1.0
GEAR_CALIB_P = 1.0
GEAR_TYPE_T = 'namiki'
GEAR_TYPE_P = 'namiki'
OFFSET_X = 37.40810833631317
OFFSET_Y = 26.088364065926328
PHYSICAL_RANGE_T = 321.57055809007483
PHYSICAL_RANGE_P = 187.93608340095335
MOTOR_CCW_DIR_T = -1
MOTOR_CCW_DIR_P = -1
MOTOR_ID_T = 1
MOTOR_ID_P = 0

# HISTORY
TOTAL_MOVE_SEQUENCES = 662
TOTAL_CRUISE_MOVES_T = 153
TOTAL_CRUISE_MOVES_P = 148
TOTAL_CREEP_MOVES_T = 1808
TOTAL_CREEP_MOVES_P = 1813
TOTAL_LIMIT_SEEKS_T = 14
TOTAL_LIMIT_SEEKS_P = 17
LAST_PRIMARY_HARDSTOP_DIR_T = -1.0
LAST_PRIMARY_HARDSTOP_DIR_P = 1.0
LAST_MOVE_CMD = 'obsXY; (auto backlash backup); (auto final creep)'
LAST_MOVE_VAL1 = '33.8389; 3; -3.00041'
LAST_MOVE_VAL2 = '25.1961; -3; 3'
LAST_MEAS_OBS_X = 33.8380196127972
LAST_MEAS_OBS_Y = 24.74986515023832
