# Settings file for fiber positioner unit: UM00014

POS_ID = 'UM00014'
CAN_ID = 14
DEVICE_ID = -1
PETAL_ID = -1

# STATE
POS_T = -3.3685589158949369e-05
POS_P = 180.0000652598498
GENERAL_SETTINGS_FILE = '_genl_settings_DEFAULT.conf'

# CALIBRATION
LENGTH_R1 = 3.0583201315641877
LENGTH_R2 = 3.0310394691408558
OFFSET_T = 50.044100969087076
OFFSET_P = 0.5415819601942324
GEAR_CALIB_T = 1.0
GEAR_CALIB_P = 1.0
GEAR_TYPE_T = 'namiki'
GEAR_TYPE_P = 'namiki'
OFFSET_X = 16.87195057936987
OFFSET_Y = 11.492288659009397
PHYSICAL_RANGE_T = 376.38544144525247
PHYSICAL_RANGE_P = 187.97053941947667
MOTOR_CCW_DIR_T = 1
MOTOR_CCW_DIR_P = 1
MOTOR_ID_T = 1
MOTOR_ID_P = 0

# HISTORY
TOTAL_MOVE_SEQUENCES = 3218
TOTAL_CRUISE_MOVES_T = 1446
TOTAL_CRUISE_MOVES_P = 1392
TOTAL_CREEP_MOVES_T = 8165
TOTAL_CREEP_MOVES_P = 8219
TOTAL_LIMIT_SEEKS_T = 60
TOTAL_LIMIT_SEEKS_P = 64
LAST_PRIMARY_HARDSTOP_DIR_T = -1.0
LAST_PRIMARY_HARDSTOP_DIR_P = 1.0
LAST_MOVE_CMD = 'nudge to identify positioner location direct_dtdp; (auto backlash backup); (auto final creep)'
LAST_MOVE_VAL1 = '0; 0; 0'
LAST_MOVE_VAL2 = '10; -3; 3.00301'
LAST_MEAS_OBS_X = 22.12261913337952
LAST_MEAS_OBS_Y = 13.636894020874761
