# Template file for configuration of individual fiber positioner unit.

# ID
POS_ID = 'M00245'
CAN_ID = 180
DEVICE_ID = -1
PETAL_ID = -1

# STATE
POS_T = -7.6004113786455587
POS_P = 41.95326925925918
GENERAL_SETTINGS_FILE = '_genl_settings_DEFAULT.conf'

# CALIBRATION
LENGTH_R1 = 3.0221090362947396
LENGTH_R2 = 3.047758901841525
OFFSET_T = -9.8504978175445341
OFFSET_P = -7.4794098372503441
GEAR_CALIB_T = 1.0
GEAR_CALIB_P = 1.0
GEAR_TYPE_T = 'namiki'
GEAR_TYPE_P = 'namiki'
OFFSET_X = 23.165269593003828
OFFSET_Y = 32.097697957857022
PHYSICAL_RANGE_T = 395.83626325111845
PHYSICAL_RANGE_P = 190.0
MOTOR_CCW_DIR_T = -1
MOTOR_CCW_DIR_P = -1
MOTOR_ID_T = 1
MOTOR_ID_P = 0

# HISTORY
TOTAL_MOVE_SEQUENCES = 3540
TOTAL_CRUISE_MOVES_T = 970
TOTAL_CRUISE_MOVES_P = 922
TOTAL_CREEP_MOVES_T = 9559
TOTAL_CREEP_MOVES_P = 9607
TOTAL_LIMIT_SEEKS_T = 44
TOTAL_LIMIT_SEEKS_P = 53
LAST_PRIMARY_HARDSTOP_DIR_T = -1.0
LAST_PRIMARY_HARDSTOP_DIR_P = 1.0
LAST_MOVE_CMD = 'dXdY; (auto backlash backup); (auto final creep)'
LAST_MOVE_VAL1 = '0.000189293; 3; -3.00019'
LAST_MOVE_VAL2 = '0.00299932; -3; 3.00008'
LAST_MEAS_OBS_X = 28.964584622503082
LAST_MEAS_OBS_Y = 32.09118423912699
