# Configuration file for unit M00446.

#ID
POS_ID = 'M00446'
CAN_ID = 250
DEVICE_ID = -1
PETAL_ID = -1

# STATE
POS_T = 170.4317310152876
POS_P = 36.005405275977864
GENERAL_SETTINGS_FILE = '_genl_settings_DEFAULT.conf'

# CALIBRATION
LENGTH_R1 = 2.9809016455031658
LENGTH_R2 = 3.0734356555329581
OFFSET_T = 172.44418744982079
OFFSET_P = -2.6528691276407699
GEAR_CALIB_T = 1.0
GEAR_CALIB_P = 1.0
GEAR_TYPE_T = 'namiki'
GEAR_TYPE_P = 'namiki'
OFFSET_X = 30.814415417009773
OFFSET_Y = 16.243112930874457
PHYSICAL_RANGE_T = 393.94200636448613
PHYSICAL_RANGE_P = 186.1738856135951
MOTOR_CCW_DIR_T = -1
MOTOR_CCW_DIR_P = -1
MOTOR_ID_T = 1
MOTOR_ID_P = 0

# HISTORY
TOTAL_MOVE_SEQUENCES = 2284
TOTAL_CRUISE_MOVES_T = 506
TOTAL_CRUISE_MOVES_P = 513
TOTAL_CREEP_MOVES_T = 6321
TOTAL_CREEP_MOVES_P = 6314
TOTAL_LIMIT_SEEKS_T = 14
TOTAL_LIMIT_SEEKS_P = 17
LAST_PRIMARY_HARDSTOP_DIR_T = -1.0
LAST_PRIMARY_HARDSTOP_DIR_P = 1.0
LAST_MOVE_CMD = 'dXdY; (auto backlash backup); (auto final creep)'
LAST_MOVE_VAL1 = '-0.000250728; 3; -3.00017'
LAST_MOVE_VAL2 = '0.000911413; -3; 3.00021'
LAST_MEAS_OBS_X = 36.61417551234715
LAST_MEAS_OBS_Y = 16.242280816599322
