# Configuration file for unit M00451.

#ID
POS_ID = 'M00451'
CAN_ID = 357
DEVICE_ID = -1
PETAL_ID = -1

# STATE
POS_T = 158.87135670921376
POS_P = -1.8516509448221399
GENERAL_SETTINGS_FILE = '_genl_settings_DEFAULT.conf'

# CALIBRATION
LENGTH_R1 = 3.0479513444009352
LENGTH_R2 = 3.2215535383474547
OFFSET_T = -173.03626643020075
OFFSET_P = 35.553533023464809
GEAR_CALIB_T = 1.0
GEAR_CALIB_P = 1.0
GEAR_TYPE_T = 'namiki'
GEAR_TYPE_P = 'namiki'
OFFSET_X = 53.504290896790181
OFFSET_Y = 32.378336253788568
PHYSICAL_RANGE_T = 394.49039077910288
PHYSICAL_RANGE_P = 185.16475587316884
MOTOR_CCW_DIR_T = -1
MOTOR_CCW_DIR_P = -1
MOTOR_ID_T = 1
MOTOR_ID_P = 0

# HISTORY
TOTAL_MOVE_SEQUENCES = 2284
TOTAL_CRUISE_MOVES_T = 1248
TOTAL_CRUISE_MOVES_P = 1358
TOTAL_CREEP_MOVES_T = 5579
TOTAL_CREEP_MOVES_P = 5469
TOTAL_LIMIT_SEEKS_T = 14
TOTAL_LIMIT_SEEKS_P = 17
LAST_PRIMARY_HARDSTOP_DIR_T = -1.0
LAST_PRIMARY_HARDSTOP_DIR_P = 1.0
LAST_MOVE_CMD = 'dXdY; (auto backlash backup); (auto final creep)'
LAST_MOVE_VAL1 = '1.80258; 3; -2.99992'
LAST_MOVE_VAL2 = '-2.31656; -3; -2.99621'
LAST_MEAS_OBS_X = 57.50832631052344
LAST_MEAS_OBS_Y = 34.68252589882859
