# Template file for configuration of individual fiber positioner unit.

# ID
POS_ID = 'M00197'
CAN_ID = 458
DEVICE_ID = -1
PETAL_ID = -1

# STATE
POS_T = -194.49698893678658
POS_P = 181.2471685519893
GENERAL_SETTINGS_FILE = '_genl_settings_DEFAULT.conf'

# CALIBRATION
LENGTH_R1 = 3.0418426765641535
LENGTH_R2 = 3.0148269781653991
OFFSET_T = 136.33295135407303
OFFSET_P = -2.3476598086236367
GEAR_CALIB_T = 1.0
GEAR_CALIB_P = 1.0
GEAR_TYPE_T = 'namiki'
GEAR_TYPE_P = 'namiki'
OFFSET_X = 75.347859298765556
OFFSET_Y = 16.158796578606953
PHYSICAL_RANGE_T = 394.99397787357316
PHYSICAL_RANGE_P = 186.10825106261544
MOTOR_CCW_DIR_T = -1
MOTOR_CCW_DIR_P = -1
MOTOR_ID_T = 1
MOTOR_ID_P = 0

# HISTORY
TOTAL_MOVE_SEQUENCES = 2397
TOTAL_CRUISE_MOVES_T = 501
TOTAL_CRUISE_MOVES_P = 500
TOTAL_CREEP_MOVES_T = 6665
TOTAL_CREEP_MOVES_P = 6666
TOTAL_LIMIT_SEEKS_T = 15
TOTAL_LIMIT_SEEKS_P = 18
LAST_PRIMARY_HARDSTOP_DIR_T = -1.0
LAST_PRIMARY_HARDSTOP_DIR_P = 1.0
LAST_MOVE_CMD = 'P limit seek; T limit seek; debounce direct_dtdp; debounce direct_dtdp'
LAST_MOVE_VAL1 = '0; -1; 3; 3'
LAST_MOVE_VAL2 = '1; 0; -3; -3'
LAST_MEAS_OBS_X = 81.14744716873642
LAST_MEAS_OBS_Y = 16.15930489775028
