# Template file for configuration of individual fiber positioner unit.

# ID
POS_ID = 'M00058'
CAN_ID = 358
DEVICE_ID = -1
PETAL_ID = -1

# STATE
POS_T = 173.40785440966422
POS_P = 47.232752915256683
GENERAL_SETTINGS_FILE = '_genl_settings_DEFAULT.conf'

# CALIBRATION
LENGTH_R1 = 3.054058244820463
LENGTH_R2 = 3.0221345360330787
OFFSET_T = 163.7929822535547
OFFSET_P = -1.1322630304154728
GEAR_CALIB_T = 1.0
GEAR_CALIB_P = 1.0
GEAR_TYPE_T = 'namiki'
GEAR_TYPE_P = 'namiki'
OFFSET_X = 46.639132684971351
OFFSET_Y = 32.626186446508747
PHYSICAL_RANGE_T = 393.86005636585708
PHYSICAL_RANGE_P = 184.37276625683745
MOTOR_CCW_DIR_T = -1
MOTOR_CCW_DIR_P = -1
MOTOR_ID_T = 1
MOTOR_ID_P = 0

# HISTORY
TOTAL_MOVE_SEQUENCES = 1593
TOTAL_CRUISE_MOVES_T = 573
TOTAL_CRUISE_MOVES_P = 510
TOTAL_CREEP_MOVES_T = 4143
TOTAL_CREEP_MOVES_P = 4206
TOTAL_LIMIT_SEEKS_T = 45
TOTAL_LIMIT_SEEKS_P = 53
LAST_PRIMARY_HARDSTOP_DIR_T = -1.0
LAST_PRIMARY_HARDSTOP_DIR_P = 1.0
LAST_MOVE_CMD = 'dXdY; (auto backlash backup); (auto final creep)'
LAST_MOVE_VAL1 = '-0.000742506; 3; -3.00006'
LAST_MOVE_VAL2 = '0.000257496; -3; 2.99995'
LAST_MEAS_OBS_X = 52.240000081655495
LAST_MEAS_OBS_Y = 32.62484278976864
