# Configuration file for unit M00436.

#ID
POS_ID = 'M00436'
CAN_ID = 197
DEVICE_ID = -1
PETAL_ID = -1

# STATE
POS_T = -29.034216108099287
POS_P = 33.394741728394315
GENERAL_SETTINGS_FILE = '_genl_settings_DEFAULT.conf'

# CALIBRATION
LENGTH_R1 = 2.7958235105318785
LENGTH_R2 = 3.1342521359571855
OFFSET_T = 15.708474560182996
OFFSET_P = -8.3242128551423207
GEAR_CALIB_T = 1.0
GEAR_CALIB_P = 1.0
GEAR_TYPE_T = 'namiki'
GEAR_TYPE_P = 'namiki'
OFFSET_X = 15.401155551851851
OFFSET_Y = 15.737944421768418
PHYSICAL_RANGE_T = 395.57716999397547
PHYSICAL_RANGE_P = 190.0
MOTOR_CCW_DIR_T = -1
MOTOR_CCW_DIR_P = -1
MOTOR_ID_T = 1
MOTOR_ID_P = 0

# HISTORY
TOTAL_MOVE_SEQUENCES = 2153
TOTAL_CRUISE_MOVES_T = 418
TOTAL_CRUISE_MOVES_P = 429
TOTAL_CREEP_MOVES_T = 6032
TOTAL_CREEP_MOVES_P = 6021
TOTAL_LIMIT_SEEKS_T = 5
TOTAL_LIMIT_SEEKS_P = 6
LAST_PRIMARY_HARDSTOP_DIR_T = -1.0
LAST_PRIMARY_HARDSTOP_DIR_P = 1.0
LAST_MOVE_CMD = 'dXdY; (auto backlash backup); (auto final creep)'
LAST_MOVE_VAL1 = '-0.000617895; 3; -3.00021'
LAST_MOVE_VAL2 = '-5.07696e-05; -3; 3.00018'
LAST_MEAS_OBS_X = 21.200462406628617
LAST_MEAS_OBS_Y = 15.738000228942463
