# Configuration file for unit M00477.

#ID
POS_ID = 'M00477'
CAN_ID = 426
DEVICE_ID = -1
PETAL_ID = -1

# STATE
POS_T = 8.5428477647992018
POS_P = 41.841222592592558
GENERAL_SETTINGS_FILE = '_genl_settings_DEFAULT.conf'

# CALIBRATION
LENGTH_R1 = 3.0561047719175733
LENGTH_R2 = 3.0543418506495486
OFFSET_T = -27.306067466256181
OFFSET_P = -4.8644384867020989
GEAR_CALIB_T = 1.0
GEAR_CALIB_P = 1.0
GEAR_TYPE_T = 'namiki'
GEAR_TYPE_P = 'namiki'
OFFSET_X = 46.45824565760622
OFFSET_Y = 16.286344040833711
PHYSICAL_RANGE_T = 395.48008076669691
PHYSICAL_RANGE_P = 190.0
MOTOR_CCW_DIR_T = -1
MOTOR_CCW_DIR_P = -1
MOTOR_ID_T = 1
MOTOR_ID_P = 0

# HISTORY
TOTAL_MOVE_SEQUENCES = 2255
TOTAL_CRUISE_MOVES_T = 469
TOTAL_CRUISE_MOVES_P = 473
TOTAL_CREEP_MOVES_T = 6268
TOTAL_CREEP_MOVES_P = 6264
TOTAL_LIMIT_SEEKS_T = 17
TOTAL_LIMIT_SEEKS_P = 18
LAST_PRIMARY_HARDSTOP_DIR_T = -1.0
LAST_PRIMARY_HARDSTOP_DIR_P = 1.0
LAST_MOVE_CMD = 'dXdY; (auto backlash backup); (auto final creep)'
LAST_MOVE_VAL1 = '-0.000362854; 3; -3.00014'
LAST_MOVE_VAL2 = '0.000700138; -3; 3.0001'
LAST_MEAS_OBS_X = 52.258506825700636
LAST_MEAS_OBS_Y = 16.284331485460537
