# Configuration file for unit M00695.

#ID
POS_ID = 'M00695'
CAN_ID = 502
DEVICE_ID = -1
PETAL_ID = -1

# STATE
POS_T = -1.297812919176522e-05
POS_P = 180.00009814814857
GENERAL_SETTINGS_FILE = '_genl_settings_DEFAULT.conf'

# CALIBRATION
LENGTH_R1 = 3.0920671578998458
LENGTH_R2 = 3.1255306772946931
OFFSET_T = 72.458273748171123
OFFSET_P = -2.9076641348521388
GEAR_CALIB_T = 1.0
GEAR_CALIB_P = 1.0
GEAR_TYPE_T = 'namiki'
GEAR_TYPE_P = 'namiki'
OFFSET_X = 53.232288755377319
OFFSET_Y = 32.171381905902344
PHYSICAL_RANGE_T = 397.36717583280227
PHYSICAL_RANGE_P = 190.0
MOTOR_CCW_DIR_T = -1
MOTOR_CCW_DIR_P = -1
MOTOR_ID_T = 1
MOTOR_ID_P = 0

# HISTORY
TOTAL_MOVE_SEQUENCES = 837
TOTAL_CRUISE_MOVES_T = 196
TOTAL_CRUISE_MOVES_P = 197
TOTAL_CREEP_MOVES_T = 2306
TOTAL_CREEP_MOVES_P = 2305
TOTAL_LIMIT_SEEKS_T = 4
TOTAL_LIMIT_SEEKS_P = 5
LAST_PRIMARY_HARDSTOP_DIR_T = -1.0
LAST_PRIMARY_HARDSTOP_DIR_P = 1.0
LAST_MOVE_CMD = 'posTP; (auto backlash backup); (auto final creep)'
LAST_MOVE_VAL1 = '0; 3; -3.00124'
LAST_MOVE_VAL2 = '180; -3; 2.99819'
LAST_MEAS_OBS_X = 59.031505724517075
LAST_MEAS_OBS_Y = 32.1716021060472
