# Configuration file for unit M00358.

#ID
POS_ID = 'M00358'
CAN_ID = 24
DEVICE_ID = -1
PETAL_ID = -1

# STATE
POS_T = 150.93777866270167
POS_P = 104.44836508593426
GENERAL_SETTINGS_FILE = '_genl_settings_DEFAULT.conf'

# CALIBRATION
LENGTH_R1 = 3.0619914125361047
LENGTH_R2 = 3.1621044515132137
OFFSET_T = -104.44877399155891
OFFSET_P = 2.6962662064372864
GEAR_CALIB_T = 1.0
GEAR_CALIB_P = 1.0
GEAR_TYPE_T = 'namiki'
GEAR_TYPE_P = 'namiki'
OFFSET_X = 16.334775531029024
OFFSET_Y = 16.304939811227079
PHYSICAL_RANGE_T = 394.90340662521413
PHYSICAL_RANGE_P = 182.92607771493579
MOTOR_CCW_DIR_T = -1
MOTOR_CCW_DIR_P = -1
MOTOR_ID_T = 1
MOTOR_ID_P = 0

# HISTORY
TOTAL_MOVE_SEQUENCES = 57952
TOTAL_CRUISE_MOVES_T = 33664
TOTAL_CRUISE_MOVES_P = 32934
TOTAL_CREEP_MOVES_T = 139150
TOTAL_CREEP_MOVES_P = 139880
TOTAL_LIMIT_SEEKS_T = 538
TOTAL_LIMIT_SEEKS_P = 657
LAST_PRIMARY_HARDSTOP_DIR_T = -1.0
LAST_PRIMARY_HARDSTOP_DIR_P = 1.0
LAST_MOVE_CMD = 'obsXY; (auto backlash backup); (auto final creep)'
LAST_MOVE_VAL1 = '15.6098; 3; -3.00006'
LAST_MOVE_VAL2 = '19.9299; -3; 2.99751'
LAST_MEAS_OBS_X = 15.597140307337868
LAST_MEAS_OBS_Y = 19.204805452294817
