# Template file for configuration of individual fiber positioner unit.

# ID
POS_ID = 'UM00032'
CAN_ID = 32
DEVICE_ID = -1
PETAL_ID = -1

# STATE
POS_T = 57.877770577402224
POS_P = 48.02957495027951
GENERAL_SETTINGS_FILE = '_genl_settings_DEFAULT.conf'

# CALIBRATION
LENGTH_R1 = 3.0324711486130296
LENGTH_R2 = 3.157323920353063
OFFSET_T = -78.983473952896418
OFFSET_P = -1.8295364379134895
GEAR_CALIB_T = 1.0
GEAR_CALIB_P = 1.0
GEAR_TYPE_T = 'namiki'
GEAR_TYPE_P = 'namiki'
OFFSET_X = 44.851761845036485
OFFSET_Y = 52.152039345475828
PHYSICAL_RANGE_T = 395.23344995630634
PHYSICAL_RANGE_P = 189.62333446779706
MOTOR_CCW_DIR_T = -1
MOTOR_CCW_DIR_P = -1
MOTOR_ID_T = 1
MOTOR_ID_P = 0

# HISTORY
TOTAL_MOVE_SEQUENCES = 13003
TOTAL_CRUISE_MOVES_T = 3967
TOTAL_CRUISE_MOVES_P = 3792
TOTAL_CREEP_MOVES_T = 34953
TOTAL_CREEP_MOVES_P = 35128
TOTAL_LIMIT_SEEKS_T = 38
TOTAL_LIMIT_SEEKS_P = 46
LAST_PRIMARY_HARDSTOP_DIR_T = -1.0
LAST_PRIMARY_HARDSTOP_DIR_P = 1.0
LAST_MOVE_CMD = 'dXdY; (auto backlash backup); (auto final creep)'
LAST_MOVE_VAL1 = '0.000546603; 3; -2.99996'
LAST_MOVE_VAL2 = '0.000418088; -3; 3.00011'
LAST_MEAS_OBS_X = 50.65106752178904
LAST_MEAS_OBS_Y = 52.15010274842527
