# Settings file for unit: M00012

POS_ID = 'M00012'
CAN_ID = 84
DEVICE_ID = -1
PETAL_ID = -1

# STATE
POS_T = 135.62924335243295
POS_P = 54.575011013554963
GENERAL_SETTINGS_FILE = '_genl_settings_DEFAULT.conf'

# CALIBRATION
LENGTH_R1 = 3.0203734620098928
LENGTH_R2 = 3.0260526774708261
OFFSET_T = -128.31730223190436
OFFSET_P = 0.60220851314162072
GEAR_CALIB_T = 1.0
GEAR_CALIB_P = 1.0
GEAR_TYPE_T = 'namiki'
GEAR_TYPE_P = 'namiki'
OFFSET_X = 44.639772448246205
OFFSET_Y = 10.356450106354137
PHYSICAL_RANGE_T = 392.70206786303629
PHYSICAL_RANGE_P = 187.73692096393523
MOTOR_CCW_DIR_T = -1
MOTOR_CCW_DIR_P = -1
MOTOR_ID_T = 1
MOTOR_ID_P = 0

# HISTORY
TOTAL_MOVE_SEQUENCES = 7102
TOTAL_CRUISE_MOVES_T = 2520
TOTAL_CRUISE_MOVES_P = 2419
TOTAL_CREEP_MOVES_T = 18646
TOTAL_CREEP_MOVES_P = 18747
TOTAL_LIMIT_SEEKS_T = 94
TOTAL_LIMIT_SEEKS_P = 112
LAST_PRIMARY_HARDSTOP_DIR_T = -1.0
LAST_PRIMARY_HARDSTOP_DIR_P = 1.0
LAST_MOVE_CMD = 'dXdY; (auto backlash backup); (auto final creep)'
LAST_MOVE_VAL1 = '-0.00076391; 3; -2.99999'
LAST_MOVE_VAL2 = '0.000242466; -3; 3.00016'
LAST_MEAS_OBS_X = 48.99490585010514
LAST_MEAS_OBS_Y = 13.468337903892811
