# Template file for configuration of individual fiber positioner unit.

# ID
POS_ID = 'M00240'
CAN_ID = 69
DEVICE_ID = -1
PETAL_ID = -1

# STATE
POS_T = -11.640681252628079
POS_P = 40.845769120769518
GENERAL_SETTINGS_FILE = '_genl_settings_DEFAULT.conf'

# CALIBRATION
LENGTH_R1 = 3.1077251430978752
LENGTH_R2 = 3.034777534289137
OFFSET_T = -7.7382399791973997
OFFSET_P = -2.32035226532183
GEAR_CALIB_T = 1.0
GEAR_CALIB_P = 1.0
GEAR_TYPE_T = 'namiki'
GEAR_TYPE_P = 'namiki'
OFFSET_X = 44.929119475786891
OFFSET_Y = 48.518844757099792
PHYSICAL_RANGE_T = 393.39923732007105
PHYSICAL_RANGE_P = 188.15313840606481
MOTOR_CCW_DIR_T = -1
MOTOR_CCW_DIR_P = -1
MOTOR_ID_T = 1
MOTOR_ID_P = 0

# HISTORY
TOTAL_MOVE_SEQUENCES = 3206
TOTAL_CRUISE_MOVES_T = 771
TOTAL_CRUISE_MOVES_P = 763
TOTAL_CREEP_MOVES_T = 8776
TOTAL_CREEP_MOVES_P = 8784
TOTAL_LIMIT_SEEKS_T = 36
TOTAL_LIMIT_SEEKS_P = 44
LAST_PRIMARY_HARDSTOP_DIR_T = -1.0
LAST_PRIMARY_HARDSTOP_DIR_P = 1.0
LAST_MOVE_CMD = 'dXdY; (auto backlash backup); (auto final creep)'
LAST_MOVE_VAL1 = '-0.000451329; 3; -3.00018'
LAST_MOVE_VAL2 = '-0.000299456; -3; 3'
LAST_MEAS_OBS_X = 50.72934614846951
LAST_MEAS_OBS_Y = 48.51920383011286
