# Template file for configuration of individual fiber positioner unit.

# ID
POS_ID = 'M00055'
CAN_ID = 74
DEVICE_ID = -1
PETAL_ID = -1

# STATE
POS_T = 148.53582879727128
POS_P = 47.7683457436219
GENERAL_SETTINGS_FILE = '_genl_settings_DEFAULT.conf'

# CALIBRATION
LENGTH_R1 = 2.9995702043186392
LENGTH_R2 = 3.0023825520892289
OFFSET_T = -140.14423972924041
OFFSET_P = 5.8893714343550414
GEAR_CALIB_T = 1.0
GEAR_CALIB_P = 1.0
GEAR_TYPE_T = 'namiki'
GEAR_TYPE_P = 'namiki'
OFFSET_X = 26.600480405956052
OFFSET_Y = 10.319609218030775
PHYSICAL_RANGE_T = 392.62346709681674
PHYSICAL_RANGE_P = 183.62030110030398
MOTOR_CCW_DIR_T = -1
MOTOR_CCW_DIR_P = -1
MOTOR_ID_T = 1
MOTOR_ID_P = 0

# HISTORY
TOTAL_MOVE_SEQUENCES = 6900
TOTAL_CRUISE_MOVES_T = 2021
TOTAL_CRUISE_MOVES_P = 2266
TOTAL_CREEP_MOVES_T = 18555
TOTAL_CREEP_MOVES_P = 18310
TOTAL_LIMIT_SEEKS_T = 85
TOTAL_LIMIT_SEEKS_P = 101
LAST_PRIMARY_HARDSTOP_DIR_T = -1.0
LAST_PRIMARY_HARDSTOP_DIR_P = 1.0
LAST_MOVE_CMD = 'dXdY; (auto backlash backup); (auto final creep)'
LAST_MOVE_VAL1 = '-8.73624e-05; 3; -3.00005'
LAST_MOVE_VAL2 = '0.000131826; -3; 3.00016'
LAST_MEAS_OBS_X = 30.9563105126442
LAST_MEAS_OBS_Y = 13.43104536789435
