# Template file for configuration of individual fiber positioner unit.

# ID
POS_ID = 'M00055'
CAN_ID = 55
DEVICE_ID = -1
PETAL_ID = -1

# STATE
POS_T = -63.086620615688581
POS_P = 143.28732604938261
GENERAL_SETTINGS_FILE = '_genl_settings_DEFAULT.conf'

# CALIBRATION
LENGTH_R1 = 2.9404988563343246
LENGTH_R2 = 2.9063460120553377
OFFSET_T = 65.251126897731822
OFFSET_P = -2.6130594427949347
GEAR_CALIB_T = 1.0
GEAR_CALIB_P = 1.0
GEAR_TYPE_T = 'namiki'
GEAR_TYPE_P = 'namiki'
OFFSET_X = 39.878161235994284
OFFSET_Y = 36.127833934160165
PHYSICAL_RANGE_T = 393.71209629310607
PHYSICAL_RANGE_P = 190.0
MOTOR_CCW_DIR_T = -1
MOTOR_CCW_DIR_P = -1
MOTOR_ID_T = 1
MOTOR_ID_P = 0

# HISTORY
TOTAL_MOVE_SEQUENCES = 17036
TOTAL_CRUISE_MOVES_T = 6486
TOTAL_CRUISE_MOVES_P = 6787
TOTAL_CREEP_MOVES_T = 44284
TOTAL_CREEP_MOVES_P = 43983
TOTAL_LIMIT_SEEKS_T = 270
TOTAL_LIMIT_SEEKS_P = 313
LAST_PRIMARY_HARDSTOP_DIR_T = -1.0
LAST_PRIMARY_HARDSTOP_DIR_P = 1.0
LAST_MOVE_CMD = 'obsXY; (auto backlash backup); (auto final creep)'
LAST_MOVE_VAL1 = '40.5004; 3; -3.00365'
LAST_MOVE_VAL2 = '37.9945; -3; 2.9959'
LAST_MEAS_OBS_X = 40.50027809968837
LAST_MEAS_OBS_Y = 36.74940448705275
