# Template file for configuration of individual fiber positioner unit.

# ID
POS_ID = 'M00084'
CAN_ID = 84
DEVICE_ID = -1
PETAL_ID = -1

# STATE
POS_T = 186.89081877385357
POS_P = 106.99991629629628
GENERAL_SETTINGS_FILE = '_genl_settings_DEFAULT.conf'

# CALIBRATION
LENGTH_R1 = 2.8801693001222928
LENGTH_R2 = 3.0866891313255458
OFFSET_T = -138.03159306034863
OFFSET_P = -17.083933556040691
GEAR_CALIB_T = 1.0
GEAR_CALIB_P = 1.0
GEAR_TYPE_T = 'namiki'
GEAR_TYPE_P = 'namiki'
OFFSET_X = 69.734789848939599
OFFSET_Y = 66.202663436600105
PHYSICAL_RANGE_T = 391.78153010661401
PHYSICAL_RANGE_P = 190.0
MOTOR_CCW_DIR_T = -1
MOTOR_CCW_DIR_P = -1
MOTOR_ID_T = 1
MOTOR_ID_P = 0

# HISTORY
TOTAL_MOVE_SEQUENCES = 43
TOTAL_CRUISE_MOVES_T = 30
TOTAL_CRUISE_MOVES_P = 18
TOTAL_CREEP_MOVES_T = 90
TOTAL_CREEP_MOVES_P = 102
TOTAL_LIMIT_SEEKS_T = 4
TOTAL_LIMIT_SEEKS_P = 5
LAST_PRIMARY_HARDSTOP_DIR_T = -1.0
LAST_PRIMARY_HARDSTOP_DIR_P = 1.0
LAST_MOVE_CMD = 'posTP; (auto backlash backup); (auto final creep)'
LAST_MOVE_VAL1 = '186.891; 3; -2.99626'
LAST_MOVE_VAL2 = '107; -0; 8.37037e-05'
LAST_MEAS_OBS_X = 70.12302848388143
LAST_MEAS_OBS_Y = 70.00368299732173
