# Settings file for fiber positioner unit: UM00013

POS_ID = 'UM00013'
CAN_ID = 13
DEVICE_ID = -1
PETAL_ID = -1

# STATE
POS_T = 40.231675767721654
POS_P = 94.619683021406303
GENERAL_SETTINGS_FILE = '_genl_settings_DEFAULT.conf'

# CALIBRATION
LENGTH_R1 = 3.0
LENGTH_R2 = 2.8811644445693574
OFFSET_T = 92.189124189215619
OFFSET_P = 3.1934228684146619
GEAR_CALIB_T = 1.0
GEAR_CALIB_P = 1.0
GEAR_TYPE_T = 'namiki'
GEAR_TYPE_P = 'namiki'
OFFSET_X = 14.154955364015647
OFFSET_Y = 7.1368804298357915
PHYSICAL_RANGE_T = 383.21586130406314
PHYSICAL_RANGE_P = 189.50779803883177
MOTOR_CCW_DIR_T = 1
MOTOR_CCW_DIR_P = 1
MOTOR_ID_T = 1
MOTOR_ID_P = 0

# HISTORY
TOTAL_MOVE_SEQUENCES = 497
TOTAL_CRUISE_MOVES_T = 288
TOTAL_CRUISE_MOVES_P = 403
TOTAL_CREEP_MOVES_T = 1203
TOTAL_CREEP_MOVES_P = 1088
TOTAL_LIMIT_SEEKS_T = 79
TOTAL_LIMIT_SEEKS_P = 77
LAST_PRIMARY_HARDSTOP_DIR_T = -1.0
LAST_PRIMARY_HARDSTOP_DIR_P = 1.0
LAST_MOVE_CMD = 'obsXY; (auto backlash backup); (auto final creep)'
LAST_MOVE_VAL1 = '10.2883; 3; -3.00284'
LAST_MOVE_VAL2 = '7.13688; -3; 2.99995'
LAST_MEAS_OBS_X = 10.287967770426079
LAST_MEAS_OBS_Y = 5.203386799703881
