# Template file for configuration of individual fiber positioner unit.

# ID
POS_ID = 'M00348'
CAN_ID = 152
DEVICE_ID = -1
PETAL_ID = -1

# STATE
POS_T = -193.12903347534748
POS_P = 179.98050382780733
GENERAL_SETTINGS_FILE = '_genl_settings_DEFAULT.conf'

# CALIBRATION
LENGTH_R1 = 3.0120653457505844
LENGTH_R2 = 3.0848751594690484
OFFSET_T = 176.68805020891355
OFFSET_P = -0.90948871739888659
GEAR_CALIB_T = 1.0
GEAR_CALIB_P = 1.0
GEAR_TYPE_T = 'namiki'
GEAR_TYPE_P = 'namiki'
OFFSET_X = 76.139454898302674
OFFSET_Y = 16.394616823905377
PHYSICAL_RANGE_T = 392.25806695069497
PHYSICAL_RANGE_P = 184.82879174525993
MOTOR_CCW_DIR_T = -1
MOTOR_CCW_DIR_P = -1
MOTOR_ID_T = 1
MOTOR_ID_P = 0

# HISTORY
TOTAL_MOVE_SEQUENCES = 2172
TOTAL_CRUISE_MOVES_T = 414
TOTAL_CRUISE_MOVES_P = 423
TOTAL_CREEP_MOVES_T = 6092
TOTAL_CREEP_MOVES_P = 6083
TOTAL_LIMIT_SEEKS_T = 8
TOTAL_LIMIT_SEEKS_P = 8
LAST_PRIMARY_HARDSTOP_DIR_T = -1.0
LAST_PRIMARY_HARDSTOP_DIR_P = 1.0
LAST_MOVE_CMD = 'P limit seek; T limit seek; debounce direct_dtdp; debounce direct_dtdp'
LAST_MOVE_VAL1 = '0; -1; 3; 3'
LAST_MOVE_VAL2 = '1; 0; -3; -3'
LAST_MEAS_OBS_X = 81.93892908020523
LAST_MEAS_OBS_Y = 16.395334583989918
