# Template file for configuration of individual fiber positioner unit.

# ID
POS_ID = 'M00018'
CAN_ID = 315
DEVICE_ID = -1
PETAL_ID = -1

# STATE
POS_T = 39.781532645787053
POS_P = 31.813935185185095
GENERAL_SETTINGS_FILE = '_genl_settings_DEFAULT.conf'

# CALIBRATION
LENGTH_R1 = 2.8330023862076845
LENGTH_R2 = 3.0686555568416702
OFFSET_T = -51.498683006949612
OFFSET_P = -9.756509133580554
GEAR_CALIB_T = 1.0
GEAR_CALIB_P = 1.0
GEAR_TYPE_T = 'namiki'
GEAR_TYPE_P = 'namiki'
OFFSET_X = 64.539003362276347
OFFSET_Y = 16.17921192942892
PHYSICAL_RANGE_T = 392.76982581953672
PHYSICAL_RANGE_P = 190.0
MOTOR_CCW_DIR_T = -1
MOTOR_CCW_DIR_P = -1
MOTOR_ID_T = 1
MOTOR_ID_P = 0

# HISTORY
TOTAL_MOVE_SEQUENCES = 6709
TOTAL_CRUISE_MOVES_T = 1425
TOTAL_CRUISE_MOVES_P = 1421
TOTAL_CREEP_MOVES_T = 18624
TOTAL_CREEP_MOVES_P = 18628
TOTAL_LIMIT_SEEKS_T = 44
TOTAL_LIMIT_SEEKS_P = 53
LAST_PRIMARY_HARDSTOP_DIR_T = -1.0
LAST_PRIMARY_HARDSTOP_DIR_P = 1.0
LAST_MOVE_CMD = 'dXdY; (auto backlash backup); (auto final creep)'
LAST_MOVE_VAL1 = '-0.000648527; 3; -2.99993'
LAST_MOVE_VAL2 = '-0.00362704; -3; 3.00002'
LAST_MEAS_OBS_X = 70.33902934025386
LAST_MEAS_OBS_Y = 16.180316000397074
