# Template file for configuration of individual fiber positioner unit.

# ID
POS_ID = 'M00265'
CAN_ID = 204
DEVICE_ID = -1
PETAL_ID = -1

# STATE
POS_T = 103.56030442075929
POS_P = 33.939242793017883
GENERAL_SETTINGS_FILE = '_genl_settings_DEFAULT.conf'

# CALIBRATION
LENGTH_R1 = 2.9829324813750113
LENGTH_R2 = 3.0839916021081177
OFFSET_T = -116.71461786036606
OFFSET_P = 0.53666798194352339
GEAR_CALIB_T = 1.0
GEAR_CALIB_P = 1.0
GEAR_TYPE_T = 'namiki'
GEAR_TYPE_P = 'namiki'
OFFSET_X = 30.199868372351169
OFFSET_Y = 47.951072822060624
PHYSICAL_RANGE_T = 393.49208029428405
PHYSICAL_RANGE_P = 183.84283048053936
MOTOR_CCW_DIR_T = -1
MOTOR_CCW_DIR_P = -1
MOTOR_ID_T = 1
MOTOR_ID_P = 0

# HISTORY
TOTAL_MOVE_SEQUENCES = 2979
TOTAL_CRUISE_MOVES_T = 759
TOTAL_CRUISE_MOVES_P = 717
TOTAL_CREEP_MOVES_T = 8112
TOTAL_CREEP_MOVES_P = 8154
TOTAL_LIMIT_SEEKS_T = 34
TOTAL_LIMIT_SEEKS_P = 42
LAST_PRIMARY_HARDSTOP_DIR_T = -1.0
LAST_PRIMARY_HARDSTOP_DIR_P = 1.0
LAST_MOVE_CMD = 'dXdY; (auto backlash backup); (auto final creep)'
LAST_MOVE_VAL1 = '-0.000905811; 3; -2.99997'
LAST_MOVE_VAL2 = '-0.00177678; -3; 2.99998'
LAST_MEAS_OBS_X = 35.99971709789232
LAST_MEAS_OBS_Y = 47.94977276656458
