# Template file for configuration of individual fiber positioner unit.

# ID
POS_ID = 'M00015'
CAN_ID = 1015
DEVICE_ID = -1
PETAL_ID = -1

# STATE
POS_T = -19.939719736660638
POS_P = 32.984577761726499
GENERAL_SETTINGS_FILE = '_genl_settings_DEFAULT.conf'

# CALIBRATION
LENGTH_R1 = 3.0222090507668695
LENGTH_R2 = 3.0448691703711375
OFFSET_T = 2.6856062548541733
OFFSET_P = 1.5057052835323645
GEAR_CALIB_T = 1.0
GEAR_CALIB_P = 1.0
GEAR_TYPE_T = 'namiki'
GEAR_TYPE_P = 'namiki'
OFFSET_X = 66.73348857595559
OFFSET_Y = 26.091983917820649
PHYSICAL_RANGE_T = 393.72268416467944
PHYSICAL_RANGE_P = 186.30082315375779
MOTOR_CCW_DIR_T = -1
MOTOR_CCW_DIR_P = -1
MOTOR_ID_T = 1
MOTOR_ID_P = 0

# HISTORY
TOTAL_MOVE_SEQUENCES = 2202
TOTAL_CRUISE_MOVES_T = 440
TOTAL_CRUISE_MOVES_P = 436
TOTAL_CREEP_MOVES_T = 6148
TOTAL_CREEP_MOVES_P = 6152
TOTAL_LIMIT_SEEKS_T = 8
TOTAL_LIMIT_SEEKS_P = 10
LAST_PRIMARY_HARDSTOP_DIR_T = -1.0
LAST_PRIMARY_HARDSTOP_DIR_P = 1.0
LAST_MOVE_CMD = 'dXdY; (auto backlash backup); (auto final creep)'
LAST_MOVE_VAL1 = '-0.000123553; 3; -3.00016'
LAST_MOVE_VAL2 = '-0.000268723; -3; 2.99995'
LAST_MEAS_OBS_X = 72.53359467800122
LAST_MEAS_OBS_Y = 26.091693085511015
