# Template file for configuration of individual fiber positioner unit.

# ID
POS_ID = 'M00065'
CAN_ID = 312
DEVICE_ID = -1
PETAL_ID = -1

# STATE
POS_T = 161.21793951476107
POS_P = 106.79775825757676
GENERAL_SETTINGS_FILE = '_genl_settings_DEFAULT.conf'

# CALIBRATION
LENGTH_R1 = 2.8185305522905031
LENGTH_R2 = 3.0405066884373668
OFFSET_T = -21.028431984357077
OFFSET_P = -4.4911243618277297
GEAR_CALIB_T = 1.0
GEAR_CALIB_P = 1.0
GEAR_TYPE_T = 'namiki'
GEAR_TYPE_P = 'namiki'
OFFSET_X = 59.250474177271151
OFFSET_Y = 42.672700886952207
PHYSICAL_RANGE_T = 391.73996022973699
PHYSICAL_RANGE_P = 181.67300048464546
MOTOR_CCW_DIR_T = -1
MOTOR_CCW_DIR_P = -1
MOTOR_ID_T = 1
MOTOR_ID_P = 0

# HISTORY
TOTAL_MOVE_SEQUENCES = 662
TOTAL_CRUISE_MOVES_T = 182
TOTAL_CRUISE_MOVES_P = 159
TOTAL_CREEP_MOVES_T = 1779
TOTAL_CREEP_MOVES_P = 1802
TOTAL_LIMIT_SEEKS_T = 14
TOTAL_LIMIT_SEEKS_P = 17
LAST_PRIMARY_HARDSTOP_DIR_T = -1.0
LAST_PRIMARY_HARDSTOP_DIR_P = 1.0
LAST_MOVE_CMD = 'obsXY; (auto backlash backup); (auto final creep)'
LAST_MOVE_VAL1 = '55.6812; 3; -2.9982'
LAST_MOVE_VAL2 = '41.7804; -3; 3.00005'
LAST_MEAS_OBS_X = 55.68088126043192
LAST_MEAS_OBS_Y = 41.33390766931962
