# Configuration file for unit M00358.

#ID
POS_ID = 'M00358'
CAN_ID = 24
DEVICE_ID = -1
PETAL_ID = -1

# STATE
POS_T = -180.00013268787831
POS_P = -2.9999719753087106
GENERAL_SETTINGS_FILE = '_genl_settings_DEFAULT.conf'

# CALIBRATION
LENGTH_R1 = 3.0299546860122182
LENGTH_R2 = 3.1282591393105519
OFFSET_T = -19.183280505032915
OFFSET_P = 0.48243692354097334
GEAR_CALIB_T = 1.0
GEAR_CALIB_P = 1.0
GEAR_TYPE_T = 'namiki'
GEAR_TYPE_P = 'namiki'
OFFSET_X = 15.653294347085563
OFFSET_Y = 16.124705400080948
PHYSICAL_RANGE_T = 394.60892142513921
PHYSICAL_RANGE_P = 190.0
MOTOR_CCW_DIR_T = -1
MOTOR_CCW_DIR_P = -1
MOTOR_ID_T = 1
MOTOR_ID_P = 0

# HISTORY
TOTAL_MOVE_SEQUENCES = 3826
TOTAL_CRUISE_MOVES_T = 1115
TOTAL_CRUISE_MOVES_P = 1012
TOTAL_CREEP_MOVES_T = 10228
TOTAL_CREEP_MOVES_P = 10331
TOTAL_LIMIT_SEEKS_T = 75
TOTAL_LIMIT_SEEKS_P = 87
LAST_PRIMARY_HARDSTOP_DIR_T = -1.0
LAST_PRIMARY_HARDSTOP_DIR_P = 1.0
LAST_MOVE_CMD = 'posTP; (auto backlash backup); (auto final creep)'
LAST_MOVE_VAL1 = '180; 3; -2.99993'
LAST_MOVE_VAL2 = '-3; -3; -4.10426'
LAST_MEAS_OBS_X = 21.453146779909115
LAST_MEAS_OBS_Y = 16.12672766081729
