# Template file for configuration of individual fiber positioner unit.

# ID
POS_ID = 'M00176'
CAN_ID = 284
DEVICE_ID = -1
PETAL_ID = -1

# STATE
POS_T = -193.53730213750143
POS_P = 181.7547012983135
GENERAL_SETTINGS_FILE = '_genl_settings_DEFAULT.conf'

# CALIBRATION
LENGTH_R1 = 3.0666986282813795
LENGTH_R2 = 3.0446368190103872
OFFSET_T = -115.01409410597134
OFFSET_P = -4.5738995392113964
GEAR_CALIB_T = 1.0
GEAR_CALIB_P = 1.0
GEAR_TYPE_T = 'namiki'
GEAR_TYPE_P = 'namiki'
OFFSET_X = 60.402300126398345
OFFSET_Y = 16.094695701350627
PHYSICAL_RANGE_T = 393.07460427500286
PHYSICAL_RANGE_P = 186.62091040233688
MOTOR_CCW_DIR_T = -1
MOTOR_CCW_DIR_P = -1
MOTOR_ID_T = 1
MOTOR_ID_P = 0

# HISTORY
TOTAL_MOVE_SEQUENCES = 2397
TOTAL_CRUISE_MOVES_T = 500
TOTAL_CRUISE_MOVES_P = 501
TOTAL_CREEP_MOVES_T = 6666
TOTAL_CREEP_MOVES_P = 6665
TOTAL_LIMIT_SEEKS_T = 15
TOTAL_LIMIT_SEEKS_P = 18
LAST_PRIMARY_HARDSTOP_DIR_T = -1.0
LAST_PRIMARY_HARDSTOP_DIR_P = 1.0
LAST_MOVE_CMD = 'P limit seek; T limit seek; debounce direct_dtdp; debounce direct_dtdp'
LAST_MOVE_VAL1 = '0; -1; 3; 3'
LAST_MOVE_VAL2 = '1; 0; -3; -3'
LAST_MEAS_OBS_X = 66.20206257682536
LAST_MEAS_OBS_Y = 16.094982399304836
