# Configuration file for unit M00386.

#ID
POS_ID = 'M00386'
CAN_ID = 348
DEVICE_ID = -1
PETAL_ID = -1

# STATE
POS_T = -161.48025602132381
POS_P = 37.266872962962829
GENERAL_SETTINGS_FILE = '_genl_settings_DEFAULT.conf'

# CALIBRATION
LENGTH_R1 = 2.9095324535619764
LENGTH_R2 = 3.0843184417154408
OFFSET_T = 146.33716424418009
OFFSET_P = -7.5055498109224317
GEAR_CALIB_T = 1.0
GEAR_CALIB_P = 1.0
GEAR_TYPE_T = 'namiki'
GEAR_TYPE_P = 'namiki'
OFFSET_X = 45.608712015715334
OFFSET_Y = 16.07193972413814
PHYSICAL_RANGE_T = 393.89837303030185
PHYSICAL_RANGE_P = 190.0
MOTOR_CCW_DIR_T = -1
MOTOR_CCW_DIR_P = -1
MOTOR_ID_T = 1
MOTOR_ID_P = 0

# HISTORY
TOTAL_MOVE_SEQUENCES = 4625
TOTAL_CRUISE_MOVES_T = 1403
TOTAL_CRUISE_MOVES_P = 1364
TOTAL_CREEP_MOVES_T = 12294
TOTAL_CREEP_MOVES_P = 12333
TOTAL_LIMIT_SEEKS_T = 88
TOTAL_LIMIT_SEEKS_P = 105
LAST_PRIMARY_HARDSTOP_DIR_T = -1.0
LAST_PRIMARY_HARDSTOP_DIR_P = 1.0
LAST_MOVE_CMD = 'dXdY; (auto backlash backup); (auto final creep)'
LAST_MOVE_VAL1 = '5.83758e-05; 3; -3.00016'
LAST_MOVE_VAL2 = '-0.00076588; -3; 3.00005'
LAST_MEAS_OBS_X = 51.40903356702524
LAST_MEAS_OBS_Y = 16.07413856743687
