# Template file for configuration of individual fiber positioner unit.

# ID
POS_ID = 'M00174'
CAN_ID = 116
DEVICE_ID = -1
PETAL_ID = -1

# STATE
POS_T = 32.523699268520971
POS_P = 45.523052345678238
GENERAL_SETTINGS_FILE = '_genl_settings_DEFAULT.conf'

# CALIBRATION
LENGTH_R1 = 3.0740687718258988
LENGTH_R2 = 3.0064113726868817
OFFSET_T = -49.902768134228054
OFFSET_P = -10.192757610196004
GEAR_CALIB_T = 1.0
GEAR_CALIB_P = 1.0
GEAR_TYPE_T = 'namiki'
GEAR_TYPE_P = 'namiki'
OFFSET_X = 59.699117450077082
OFFSET_Y = 42.011121848591451
PHYSICAL_RANGE_T = 390.68657924073466
PHYSICAL_RANGE_P = 190.0
MOTOR_CCW_DIR_T = -1
MOTOR_CCW_DIR_P = -1
MOTOR_ID_T = 1
MOTOR_ID_P = 0

# HISTORY
TOTAL_MOVE_SEQUENCES = 2153
TOTAL_CRUISE_MOVES_T = 399
TOTAL_CRUISE_MOVES_P = 410
TOTAL_CREEP_MOVES_T = 6051
TOTAL_CREEP_MOVES_P = 6040
TOTAL_LIMIT_SEEKS_T = 5
TOTAL_LIMIT_SEEKS_P = 6
LAST_PRIMARY_HARDSTOP_DIR_T = -1.0
LAST_PRIMARY_HARDSTOP_DIR_P = 1.0
LAST_MOVE_CMD = 'dXdY; (auto backlash backup); (auto final creep)'
LAST_MOVE_VAL1 = '-0.000300595; 3; -3.00014'
LAST_MOVE_VAL2 = '-3.45934e-05; -3; 3.00007'
LAST_MEAS_OBS_X = 65.49878855262786
LAST_MEAS_OBS_Y = 42.01069290300522
