# Configuration file for unit M00450.

#ID
POS_ID = 'M00450'
CAN_ID = 71
DEVICE_ID = -1
PETAL_ID = -1

# STATE
POS_T = -193.47556315641427
POS_P = 181.1872131919101
GENERAL_SETTINGS_FILE = '_genl_settings_DEFAULT.conf'

# CALIBRATION
LENGTH_R1 = 2.9409428556034949
LENGTH_R2 = 3.0340271480277909
OFFSET_T = -100.1769114112967
OFFSET_P = -2.2426681069726726
GEAR_CALIB_T = 1.0
GEAR_CALIB_P = 1.0
GEAR_TYPE_T = 'namiki'
GEAR_TYPE_P = 'namiki'
OFFSET_X = 60.591670770602427
OFFSET_Y = 48.023837673070354
PHYSICAL_RANGE_T = 392.95112631282853
PHYSICAL_RANGE_P = 186.04769009283848
MOTOR_CCW_DIR_T = -1
MOTOR_CCW_DIR_P = -1
MOTOR_ID_T = 1
MOTOR_ID_P = 0

# HISTORY
TOTAL_MOVE_SEQUENCES = 2175
TOTAL_CRUISE_MOVES_T = 426
TOTAL_CRUISE_MOVES_P = 441
TOTAL_CREEP_MOVES_T = 6092
TOTAL_CREEP_MOVES_P = 6077
TOTAL_LIMIT_SEEKS_T = 10
TOTAL_LIMIT_SEEKS_P = 11
LAST_PRIMARY_HARDSTOP_DIR_T = -1.0
LAST_PRIMARY_HARDSTOP_DIR_P = 1.0
LAST_MOVE_CMD = 'P limit seek; T limit seek; debounce direct_dtdp; debounce direct_dtdp'
LAST_MOVE_VAL1 = '0; -1; 3; 3'
LAST_MOVE_VAL2 = '1; 0; -3; -3'
LAST_MEAS_OBS_X = 66.39158231010438
LAST_MEAS_OBS_Y = 48.02317609823203
