# Configuration file for unit M00694.

#ID
POS_ID = 'M00694'
CAN_ID = 535
DEVICE_ID = -1
PETAL_ID = -1

# STATE
POS_T = -0.00013059895008638023
POS_P = 180.00009814814794
GENERAL_SETTINGS_FILE = '_genl_settings_DEFAULT.conf'

# CALIBRATION
LENGTH_R1 = 3.0514374814703209
LENGTH_R2 = 3.0628762707877226
OFFSET_T = 37.786671306520475
OFFSET_P = -5.5094264941980668
GEAR_CALIB_T = 1.0
GEAR_CALIB_P = 1.0
GEAR_TYPE_T = 'namiki'
GEAR_TYPE_P = 'namiki'
OFFSET_X = 68.353448073838436
OFFSET_Y = 32.330482765190986
PHYSICAL_RANGE_T = 395.39562687691222
PHYSICAL_RANGE_P = 190.0
MOTOR_CCW_DIR_T = -1
MOTOR_CCW_DIR_P = -1
MOTOR_ID_T = 1
MOTOR_ID_P = 0

# HISTORY
TOTAL_MOVE_SEQUENCES = 849
TOTAL_CRUISE_MOVES_T = 204
TOTAL_CRUISE_MOVES_P = 206
TOTAL_CREEP_MOVES_T = 2336
TOTAL_CREEP_MOVES_P = 2334
TOTAL_LIMIT_SEEKS_T = 7
TOTAL_LIMIT_SEEKS_P = 8
LAST_PRIMARY_HARDSTOP_DIR_T = -1.0
LAST_PRIMARY_HARDSTOP_DIR_P = 1.0
LAST_MOVE_CMD = 'posTP; (auto backlash backup); (auto final creep)'
LAST_MOVE_VAL1 = '0; 3; -3.00379'
LAST_MOVE_VAL2 = '180; -3; 2.99552'
LAST_MEAS_OBS_X = 74.15284803340495
LAST_MEAS_OBS_Y = 32.329787227089966
