# Configuration file for unit M00358.

#ID
POS_ID = 'M00358'
CAN_ID = 24
DEVICE_ID = -1
PETAL_ID = -1

# STATE
POS_T = 0.23940269547664883
POS_P = 40.809089012345737
GENERAL_SETTINGS_FILE = '_genl_settings_DEFAULT.conf'

# CALIBRATION
LENGTH_R1 = 3.0383010456419166
LENGTH_R2 = 3.1372272001018029
OFFSET_T = -20.771417319974951
OFFSET_P = -0.43848188505566021
GEAR_CALIB_T = 1.0
GEAR_CALIB_P = 1.0
GEAR_TYPE_T = 'namiki'
GEAR_TYPE_P = 'namiki'
OFFSET_X = 15.656047121470637
OFFSET_Y = 16.124300472571342
PHYSICAL_RANGE_T = 394.85431213991103
PHYSICAL_RANGE_P = 190.0
MOTOR_CCW_DIR_T = -1
MOTOR_CCW_DIR_P = -1
MOTOR_ID_T = 1
MOTOR_ID_P = 0

# HISTORY
TOTAL_MOVE_SEQUENCES = 5408
TOTAL_CRUISE_MOVES_T = 1665
TOTAL_CRUISE_MOVES_P = 1537
TOTAL_CREEP_MOVES_T = 14326
TOTAL_CREEP_MOVES_P = 14454
TOTAL_LIMIT_SEEKS_T = 119
TOTAL_LIMIT_SEEKS_P = 142
LAST_PRIMARY_HARDSTOP_DIR_T = -1.0
LAST_PRIMARY_HARDSTOP_DIR_P = 1.0
LAST_MOVE_CMD = 'dXdY; (auto backlash backup); (auto final creep)'
LAST_MOVE_VAL1 = '-0.00100731; 3; -3.00019'
LAST_MOVE_VAL2 = '-0.00195853; -3; 3.00004'
LAST_MEAS_OBS_X = 21.456242746995944
LAST_MEAS_OBS_Y = 16.13242497740223
