# Template file for configuration of individual fiber positioner unit.

# ID
POS_ID = 'M00369'
CAN_ID = 333
DEVICE_ID = -1
PETAL_ID = -1

# STATE
POS_T = -193.1470048120067
POS_P = 159.23206479823958
GENERAL_SETTINGS_FILE = '_genl_settings_DEFAULT.conf'

# CALIBRATION
LENGTH_R1 = 2.9137005393992377
LENGTH_R2 = 3.1712407900639801
OFFSET_T = -58.520141788929543
OFFSET_P = 17.738990889674689
GEAR_CALIB_T = 1.0
GEAR_CALIB_P = 1.0
GEAR_TYPE_T = 'namiki'
GEAR_TYPE_P = 'namiki'
OFFSET_X = 45.568387961303095
OFFSET_Y = 16.003482873630624
PHYSICAL_RANGE_T = 392.29400962401343
PHYSICAL_RANGE_P = 163.87077252347433
MOTOR_CCW_DIR_T = -1
MOTOR_CCW_DIR_P = -1
MOTOR_ID_T = 1
MOTOR_ID_P = 0

# HISTORY
TOTAL_MOVE_SEQUENCES = 44976
TOTAL_CRUISE_MOVES_T = 8764
TOTAL_CRUISE_MOVES_P = 8781
TOTAL_CREEP_MOVES_T = 125881
TOTAL_CREEP_MOVES_P = 125864
TOTAL_LIMIT_SEEKS_T = 170
TOTAL_LIMIT_SEEKS_P = 203
LAST_PRIMARY_HARDSTOP_DIR_T = -1.0
LAST_PRIMARY_HARDSTOP_DIR_P = 1.0
LAST_MOVE_CMD = 'P limit seek; T limit seek; debounce direct_dtdp; debounce direct_dtdp'
LAST_MOVE_VAL1 = '0; -1; 3; 3'
LAST_MOVE_VAL2 = '1; 0; -3; -3'
LAST_MEAS_OBS_X = 51.36803909291791
LAST_MEAS_OBS_Y = 16.003378006657154
