# Template file for configuration of individual fiber positioner unit.

# ID
POS_ID = 'M00245'
CAN_ID = 180
DEVICE_ID = -1
PETAL_ID = -1

# STATE
POS_T = -8.575313690898005
POS_P = 41.902581481481548
GENERAL_SETTINGS_FILE = '_genl_settings_DEFAULT.conf'

# CALIBRATION
LENGTH_R1 = 3.0217697030227697
LENGTH_R2 = 3.0475526076745307
OFFSET_T = -8.8828841004805046
OFFSET_P = -7.4672074332946963
GEAR_CALIB_T = 1.0
GEAR_CALIB_P = 1.0
GEAR_TYPE_T = 'namiki'
GEAR_TYPE_P = 'namiki'
OFFSET_X = 23.165847765625312
OFFSET_Y = 32.095987867505144
PHYSICAL_RANGE_T = 395.92455182624042
PHYSICAL_RANGE_P = 190.0
MOTOR_CCW_DIR_T = -1
MOTOR_CCW_DIR_P = -1
MOTOR_ID_T = 1
MOTOR_ID_P = 0

# HISTORY
TOTAL_MOVE_SEQUENCES = 3212
TOTAL_CRUISE_MOVES_T = 860
TOTAL_CRUISE_MOVES_P = 814
TOTAL_CREEP_MOVES_T = 8703
TOTAL_CREEP_MOVES_P = 8749
TOTAL_LIMIT_SEEKS_T = 36
TOTAL_LIMIT_SEEKS_P = 43
LAST_PRIMARY_HARDSTOP_DIR_T = -1.0
LAST_PRIMARY_HARDSTOP_DIR_P = 1.0
LAST_MOVE_CMD = 'dXdY; (auto backlash backup); (auto final creep)'
LAST_MOVE_VAL1 = '-0.000475813; 3; -3'
LAST_MOVE_VAL2 = '-0.00118938; -3; 2.99998'
LAST_MEAS_OBS_X = 28.965919402982124
LAST_MEAS_OBS_Y = 32.095286414956504
