# Configuration file for unit M00147.
# Note this unit is one of the first 3 gamma prototypes

#ID
POS_ID = 'M00147'
CAN_ID = 147
DEVICE_ID = -1
PETAL_ID = -1

# STATE
POS_T = -94.02029160049645
POS_P = 7.104428028815946
GENERAL_SETTINGS_FILE = '_genl_settings_DEFAULT.conf'

# CALIBRATION
LENGTH_R1 = 2.734596254040663
LENGTH_R2 = 3.046645341492304
OFFSET_T = 94.02024397751431
OFFSET_P = -5.203503867395573
GEAR_CALIB_T = 1.0
GEAR_CALIB_P = 1.0
GEAR_TYPE_T = 'namiki'
GEAR_TYPE_P = 'namiki'
OFFSET_X = 27.07145360326103
OFFSET_Y = 10.549568365707724
PHYSICAL_RANGE_T = 393.8429106084004
PHYSICAL_RANGE_P = 189.57008555099264
MOTOR_CCW_DIR_T = -1
MOTOR_CCW_DIR_P = -1
MOTOR_ID_T = 1
MOTOR_ID_P = 0

# HISTORY
TOTAL_MOVE_SEQUENCES = 8097
TOTAL_CRUISE_MOVES_T = 2574
TOTAL_CRUISE_MOVES_P = 2571
TOTAL_CREEP_MOVES_T = 21668
TOTAL_CREEP_MOVES_P = 21671
TOTAL_LIMIT_SEEKS_T = 49
TOTAL_LIMIT_SEEKS_P = 57
LAST_PRIMARY_HARDSTOP_DIR_T = -1.0
LAST_PRIMARY_HARDSTOP_DIR_P = 1.0
LAST_MOVE_CMD = 'posTP; (auto backlash backup); (auto final creep)'
LAST_MOVE_VAL1 = '-94.0202; 3; -2.99942'
LAST_MOVE_VAL2 = '7.1043; -3; 2.99667'
LAST_MEAS_OBS_X = 32.8888608366824
LAST_MEAS_OBS_Y = 10.714866163891678
