# Configuration file for unit M00318.

#ID
POS_ID = 'M00318'
CAN_ID = 249
DEVICE_ID = -1
PETAL_ID = -1

# STATE
POS_T = 180.00010164234212
POS_P = -3.000112959118546
GENERAL_SETTINGS_FILE = '_genl_settings_DEFAULT.conf'

# CALIBRATION
LENGTH_R1 = 2.9470367734155269
LENGTH_R2 = 3.1124530743589487
OFFSET_T = -114.5851649547767
OFFSET_P = -0.26402364996565097
GEAR_CALIB_T = 1.0
GEAR_CALIB_P = 1.0
GEAR_TYPE_T = 'namiki'
GEAR_TYPE_P = 'namiki'
OFFSET_X = 75.394074975641729
OFFSET_Y = 48.672594954254059
PHYSICAL_RANGE_T = 393.63384782642709
PHYSICAL_RANGE_P = 184.95263761455794
MOTOR_CCW_DIR_T = -1
MOTOR_CCW_DIR_P = -1
MOTOR_ID_T = 1
MOTOR_ID_P = 0

# HISTORY
TOTAL_MOVE_SEQUENCES = 3273
TOTAL_CRUISE_MOVES_T = 876
TOTAL_CRUISE_MOVES_P = 801
TOTAL_CREEP_MOVES_T = 8864
TOTAL_CREEP_MOVES_P = 8939
TOTAL_LIMIT_SEEKS_T = 46
TOTAL_LIMIT_SEEKS_P = 55
LAST_PRIMARY_HARDSTOP_DIR_T = -1.0
LAST_PRIMARY_HARDSTOP_DIR_P = 1.0
LAST_MOVE_CMD = 'posTP; (auto backlash backup); (auto final creep)'
LAST_MOVE_VAL1 = '180; 3; -2.99779'
LAST_MOVE_VAL2 = '-3; -3; -4.14799'
LAST_MEAS_OBS_X = 81.19398077034958
LAST_MEAS_OBS_Y = 48.673143070892046
