# Template file for configuration of individual fiber positioner unit.

# ID
POS_ID = 'M00026'
CAN_ID = 222
DEVICE_ID = -1
PETAL_ID = -1

# STATE
POS_T = 47.849328827773554
POS_P = 38.85538641975284
GENERAL_SETTINGS_FILE = '_genl_settings_DEFAULT.conf'

# CALIBRATION
LENGTH_R1 = 2.9827461300907849
LENGTH_R2 = 3.0628438222402843
OFFSET_T = -65.07513642036875
OFFSET_P = -5.4031243661206503
GEAR_CALIB_T = 1.0
GEAR_CALIB_P = 1.0
GEAR_TYPE_T = 'namiki'
GEAR_TYPE_P = 'namiki'
OFFSET_X = 31.87118728392112
OFFSET_Y = 41.752526187451366
PHYSICAL_RANGE_T = 393.88586308519359
PHYSICAL_RANGE_P = 190.0
MOTOR_CCW_DIR_T = -1
MOTOR_CCW_DIR_P = -1
MOTOR_ID_T = 1
MOTOR_ID_P = 0

# HISTORY
TOTAL_MOVE_SEQUENCES = 2162
TOTAL_CRUISE_MOVES_T = 411
TOTAL_CRUISE_MOVES_P = 419
TOTAL_CREEP_MOVES_T = 6066
TOTAL_CREEP_MOVES_P = 6058
TOTAL_LIMIT_SEEKS_T = 5
TOTAL_LIMIT_SEEKS_P = 6
LAST_PRIMARY_HARDSTOP_DIR_T = -1.0
LAST_PRIMARY_HARDSTOP_DIR_P = 1.0
LAST_MOVE_CMD = 'dXdY; (auto backlash backup); (auto final creep)'
LAST_MOVE_VAL1 = '-0.000402694; 3; -3'
LAST_MOVE_VAL2 = '0.000478093; -3; 3.00007'
LAST_MEAS_OBS_X = 37.67052058965022
LAST_MEAS_OBS_Y = 41.753675178459936
