# Template file for configuration of individual fiber positioner unit.

# ID
POS_ID = 'M00344'
CAN_ID = 156
DEVICE_ID = -1
PETAL_ID = -1

# STATE
POS_T = -193.52918568523557
POS_P = 183.38955426530066
GENERAL_SETTINGS_FILE = '_genl_settings_DEFAULT.conf'

# CALIBRATION
LENGTH_R1 = 3.0406349774999635
LENGTH_R2 = 3.0862085768631347
OFFSET_T = 183.70740982236529
OFFSET_P = -1.2873569718480757
GEAR_CALIB_T = 1.0
GEAR_CALIB_P = 1.0
GEAR_TYPE_T = 'namiki'
GEAR_TYPE_P = 'namiki'
OFFSET_X = 61.043281063587337
OFFSET_Y = 48.014789092140596
PHYSICAL_RANGE_T = 393.05837137047115
PHYSICAL_RANGE_P = 188.27227703565723
MOTOR_CCW_DIR_T = -1
MOTOR_CCW_DIR_P = -1
MOTOR_ID_T = 1
MOTOR_ID_P = 0

# HISTORY
TOTAL_MOVE_SEQUENCES = 2172
TOTAL_CRUISE_MOVES_T = 418
TOTAL_CRUISE_MOVES_P = 420
TOTAL_CREEP_MOVES_T = 6088
TOTAL_CREEP_MOVES_P = 6086
TOTAL_LIMIT_SEEKS_T = 8
TOTAL_LIMIT_SEEKS_P = 8
LAST_PRIMARY_HARDSTOP_DIR_T = -1.0
LAST_PRIMARY_HARDSTOP_DIR_P = 1.0
LAST_MOVE_CMD = 'P limit seek; T limit seek; debounce direct_dtdp; debounce direct_dtdp'
LAST_MOVE_VAL1 = '0; -1; 3; 3'
LAST_MOVE_VAL2 = '1; 0; -3; -3'
LAST_MEAS_OBS_X = 66.84312015397394
LAST_MEAS_OBS_Y = 48.014336483381584
