# Template file for configuration of individual fiber positioner unit.

# ID
POS_ID = 'M00177'
CAN_ID = 400
DEVICE_ID = -1
PETAL_ID = -1

# STATE
POS_T = 125.04860708828696
POS_P = 29.770385932050523
GENERAL_SETTINGS_FILE = '_genl_settings_DEFAULT.conf'

# CALIBRATION
LENGTH_R1 = 2.891770520095597
LENGTH_R2 = 3.0564430813040606
OFFSET_T = -138.59304721639012
OFFSET_P = -3.5684601809917638
GEAR_CALIB_T = 1.0
GEAR_CALIB_P = 1.0
GEAR_TYPE_T = 'namiki'
GEAR_TYPE_P = 'namiki'
OFFSET_X = 67.14252541202984
OFFSET_Y = 26.033880275860387
PHYSICAL_RANGE_T = 393.53013100861057
PHYSICAL_RANGE_P = 184.53626350537587
MOTOR_CCW_DIR_T = -1
MOTOR_CCW_DIR_P = -1
MOTOR_ID_T = 1
MOTOR_ID_P = 0

# HISTORY
TOTAL_MOVE_SEQUENCES = 2192
TOTAL_CRUISE_MOVES_T = 438
TOTAL_CRUISE_MOVES_P = 432
TOTAL_CREEP_MOVES_T = 6120
TOTAL_CREEP_MOVES_P = 6126
TOTAL_LIMIT_SEEKS_T = 8
TOTAL_LIMIT_SEEKS_P = 10
LAST_PRIMARY_HARDSTOP_DIR_T = -1.0
LAST_PRIMARY_HARDSTOP_DIR_P = 1.0
LAST_MOVE_CMD = 'dXdY; (auto backlash backup); (auto final creep)'
LAST_MOVE_VAL1 = '-9.38945e-05; 3; -3.00003'
LAST_MOVE_VAL2 = '0.000844461; -3; 3.00015'
LAST_MEAS_OBS_X = 72.9426717172518
LAST_MEAS_OBS_Y = 26.034725506179033
