# Configuration file for unit M00406.

#ID
POS_ID = 'M00406'
CAN_ID = 14
DEVICE_ID = -1
PETAL_ID = -1

# STATE
POS_T = 180.000044632639
POS_P = -2.9999719753086893
GENERAL_SETTINGS_FILE = '_genl_settings_DEFAULT.conf'

# CALIBRATION
LENGTH_R1 = 2.8792561936417642
LENGTH_R2 = 3.0433126320796742
OFFSET_T = -28.841983383534142
OFFSET_P = -10.72932064468236
GEAR_CALIB_T = 1.0
GEAR_CALIB_P = 1.0
GEAR_TYPE_T = 'namiki'
GEAR_TYPE_P = 'namiki'
OFFSET_X = 52.781473057764238
OFFSET_Y = 31.966891822705417
PHYSICAL_RANGE_T = 393.75786530262343
PHYSICAL_RANGE_P = 190.0
MOTOR_CCW_DIR_T = -1
MOTOR_CCW_DIR_P = -1
MOTOR_ID_T = 1
MOTOR_ID_P = 0

# HISTORY
TOTAL_MOVE_SEQUENCES = 3277
TOTAL_CRUISE_MOVES_T = 1041
TOTAL_CRUISE_MOVES_P = 946
TOTAL_CREEP_MOVES_T = 8709
TOTAL_CREEP_MOVES_P = 8804
TOTAL_LIMIT_SEEKS_T = 46
TOTAL_LIMIT_SEEKS_P = 55
LAST_PRIMARY_HARDSTOP_DIR_T = -1.0
LAST_PRIMARY_HARDSTOP_DIR_P = 1.0
LAST_MOVE_CMD = 'posTP; (auto backlash backup); (auto final creep)'
LAST_MOVE_VAL1 = '180; 3; -2.99833'
LAST_MOVE_VAL2 = '-3; -3; -4.10129'
LAST_MEAS_OBS_X = 58.58174815772358
LAST_MEAS_OBS_Y = 31.96735472279675
