# Template file for configuration of individual fiber positioner unit.

# ID
POS_ID = 'M00074'
CAN_ID = 74
DEVICE_ID = -1
PETAL_ID = -1

# STATE
POS_T = -148.80265541674288
POS_P = 86.838412556557216
GENERAL_SETTINGS_FILE = '_genl_settings_DEFAULT.conf'

# CALIBRATION
LENGTH_R1 = 2.898957781442554
LENGTH_R2 = 3.0215107827798939
OFFSET_T = -156.14623669856636
OFFSET_P = -2.8166527866442976
GEAR_CALIB_T = 1.0
GEAR_CALIB_P = 1.0
GEAR_TYPE_T = 'namiki'
GEAR_TYPE_P = 'namiki'
OFFSET_X = 54.124693690522321
OFFSET_Y = 28.875224660300265
PHYSICAL_RANGE_T = 392.27927996928918
PHYSICAL_RANGE_P = 187.90537981146196
MOTOR_CCW_DIR_T = -1
MOTOR_CCW_DIR_P = -1
MOTOR_ID_T = 1
MOTOR_ID_P = 0

# HISTORY
TOTAL_MOVE_SEQUENCES = 3013
TOTAL_CRUISE_MOVES_T = 1290
TOTAL_CRUISE_MOVES_P = 1069
TOTAL_CREEP_MOVES_T = 7671
TOTAL_CREEP_MOVES_P = 7892
TOTAL_LIMIT_SEEKS_T = 46
TOTAL_LIMIT_SEEKS_P = 55
LAST_PRIMARY_HARDSTOP_DIR_T = -1.0
LAST_PRIMARY_HARDSTOP_DIR_P = 1.0
LAST_MOVE_CMD = 'obsXY; (auto backlash backup); (auto final creep)'
LAST_MOVE_VAL1 = '53.5025; 3; -3.00135'
LAST_MOVE_VAL2 = '33.2308; -3; 3.00013'
LAST_MEAS_OBS_X = 53.502540485009455
LAST_MEAS_OBS_Y = 31.98637402327014
