# Settings file for unit: M00002

POS_ID = 'M00002'
CAN_ID = 1002
DEVICE_ID = -1
PETAL_ID = -1

# STATE
POS_T = -1.865674710188614e-05
POS_P = 195.25454849004643
GENERAL_SETTINGS_FILE = '_genl_settings_DEFAULT.conf'

# CALIBRATION
LENGTH_R1 = 3.2719502666262481
LENGTH_R2 = 3.2017999345296295
OFFSET_T = 73.167050926672275
OFFSET_P = 0.0
GEAR_CALIB_T = 1.0
GEAR_CALIB_P = 1.0
GEAR_TYPE_T = 'namiki'
GEAR_TYPE_P = 'namiki'
OFFSET_X = 39.084247778718677
OFFSET_Y = 9.9125390164457148
PHYSICAL_RANGE_T = 392.8017301530005
PHYSICAL_RANGE_P = 203.2874876879132
MOTOR_CCW_DIR_T = -1
MOTOR_CCW_DIR_P = -1
MOTOR_ID_T = 1
MOTOR_ID_P = 0

# HISTORY
TOTAL_MOVE_SEQUENCES = 202
TOTAL_CRUISE_MOVES_T = 66
TOTAL_CRUISE_MOVES_P = 74
TOTAL_CREEP_MOVES_T = 533
TOTAL_CREEP_MOVES_P = 525
TOTAL_LIMIT_SEEKS_T = 10
TOTAL_LIMIT_SEEKS_P = 11
LAST_PRIMARY_HARDSTOP_DIR_T = -1.0
LAST_PRIMARY_HARDSTOP_DIR_P = 1.0
LAST_MOVE_CMD = 'posTP; (auto backlash backup); (auto final creep)'
LAST_MOVE_VAL1 = '0; 0; 1.86567e-05'
LAST_MOVE_VAL2 = '195.255; -3; 2.99805'
LAST_MEAS_OBS_X = 39.01260681858391
LAST_MEAS_OBS_Y = 10.009024300806587
