# Settings file for fiber positioner unit: UM00014

POS_ID = 'UM00014'
CAN_ID = 3000
DEVICE_ID = -1
PETAL_ID = -1

# STATE
POS_T = -95.367928215535983
POS_P = 153.13176899274691
GENERAL_SETTINGS_FILE = 'genl_settings_001.conf'

# CALIBRATION
LENGTH_R1 = 2.984325942788261
LENGTH_R2 = 2.9526125021927503
OFFSET_T = 54.20353155346902
OFFSET_P = 1.3148697969926104
GEAR_CALIB_T = 1.0
GEAR_CALIB_P = 1.0
GEAR_TYPE_T = 'namiki'
GEAR_TYPE_P = 'namiki'
OFFSET_X = 12.047843967441612
OFFSET_Y = 8.07735034406686
PHYSICAL_RANGE_T = 376.73556581378796
PHYSICAL_RANGE_P = 188.01193875062353
MOTOR_CCW_DIR_T = 1
MOTOR_CCW_DIR_P = 1
MOTOR_ID_T = 1
MOTOR_ID_P = 0

# HISTORY
TOTAL_MOVE_SEQUENCES = 6683
TOTAL_CRUISE_MOVES_T = 2402
TOTAL_CRUISE_MOVES_P = 2333
TOTAL_CREEP_MOVES_T = 17565
TOTAL_CREEP_MOVES_P = 17634
TOTAL_LIMIT_SEEKS_T = 132
TOTAL_LIMIT_SEEKS_P = 142
LAST_PRIMARY_HARDSTOP_DIR_T = -1.0
LAST_PRIMARY_HARDSTOP_DIR_P = 1.0
LAST_MOVE_CMD = 'direct_dtdp; (auto backlash backup); (auto final creep)'
LAST_MOVE_VAL1 = '-180; 3; -3.00421'
LAST_MOVE_VAL2 = '30; -3; 2.99912'
LAST_MEAS_OBS_X = 17.846047468162126
LAST_MEAS_OBS_Y = 8.05283800343223
