# Template file for configuration of individual fiber positioner unit.

# ID
POS_ID = 'M00050'
CAN_ID = 50
DEVICE_ID = -1
PETAL_ID = -1

# STATE
POS_T = 172.9746274159649
POS_P = 87.489921225017653
GENERAL_SETTINGS_FILE = '_genl_settings_DEFAULT.conf'

# CALIBRATION
LENGTH_R1 = 3.0317422255199866
LENGTH_R2 = 2.9997530360132361
OFFSET_T = -117.71873947006921
OFFSET_P = -1.1717745335633367
GEAR_CALIB_T = 1.0
GEAR_CALIB_P = 1.0
GEAR_TYPE_T = 'namiki'
GEAR_TYPE_P = 'namiki'
OFFSET_X = 54.122168091642187
OFFSET_Y = 88.409039465269473
PHYSICAL_RANGE_T = 392.09074590881141
PHYSICAL_RANGE_P = 186.36726847769589
MOTOR_CCW_DIR_T = -1
MOTOR_CCW_DIR_P = -1
MOTOR_ID_T = 1
MOTOR_ID_P = 0

# HISTORY
TOTAL_MOVE_SEQUENCES = 3008
TOTAL_CRUISE_MOVES_T = 1297
TOTAL_CRUISE_MOVES_P = 1064
TOTAL_CREEP_MOVES_T = 7649
TOTAL_CREEP_MOVES_P = 7882
TOTAL_LIMIT_SEEKS_T = 46
TOTAL_LIMIT_SEEKS_P = 55
LAST_PRIMARY_HARDSTOP_DIR_T = -1.0
LAST_PRIMARY_HARDSTOP_DIR_P = 1.0
LAST_MOVE_CMD = 'obsXY; (auto backlash backup); (auto final creep)'
LAST_MOVE_VAL1 = '53.4999; 3; -2.99787'
LAST_MOVE_VAL2 = '92.7646; -3; 3'
LAST_MEAS_OBS_X = 53.499431894861054
LAST_MEAS_OBS_Y = 91.51984972880506
