# Settings file for fiber positioner unit: UM00013

POS_ID = 'UM00013'
CAN_ID = 13
DEVICE_ID = -1
PETAL_ID = -1

# STATE
POS_T = 0.00010478006723246835
POS_P = 165.00012885939753
GENERAL_SETTINGS_FILE = '_genl_settings_DEFAULT.conf'

# CALIBRATION
LENGTH_R1 = 3.467475047108692
LENGTH_R2 = 2.8911883847762834
OFFSET_T = 91.17306719575886
OFFSET_P = 3.4469541661225875
GEAR_CALIB_T = 1.0
GEAR_CALIB_P = 1.0
GEAR_TYPE_T = 'namiki'
GEAR_TYPE_P = 'namiki'
OFFSET_X = 27.621507146581095
OFFSET_Y = 26.17544944887395
PHYSICAL_RANGE_T = 383.21586130406314
PHYSICAL_RANGE_P = 189.44614076083303
MOTOR_CCW_DIR_T = 1
MOTOR_CCW_DIR_P = 1
MOTOR_ID_T = 1
MOTOR_ID_P = 0

# HISTORY
TOTAL_MOVE_SEQUENCES = 3803
TOTAL_CRUISE_MOVES_T = 1059
TOTAL_CRUISE_MOVES_P = 1620
TOTAL_CREEP_MOVES_T = 10366
TOTAL_CREEP_MOVES_P = 9805
TOTAL_LIMIT_SEEKS_T = 106
TOTAL_LIMIT_SEEKS_P = 107
LAST_PRIMARY_HARDSTOP_DIR_T = -1.0
LAST_PRIMARY_HARDSTOP_DIR_P = 1.0
LAST_MOVE_CMD = 'posTP; (auto backlash backup); (auto final creep)'
LAST_MOVE_VAL1 = '0; 0; -0.00010478'
LAST_MOVE_VAL2 = '165; -3; 2.99994'
LAST_MEAS_OBS_X = 27.02201218346227
LAST_MEAS_OBS_Y = 26.797737813966332
