# Configuration file for unit M00406.

#ID
POS_ID = 'M00406'
CAN_ID = 14
DEVICE_ID = -1
PETAL_ID = -1

# STATE
POS_T = 180.00008647073869
POS_P = -2.9999719753086467
GENERAL_SETTINGS_FILE = '_genl_settings_DEFAULT.conf'

# CALIBRATION
LENGTH_R1 = 2.8773295353817452
LENGTH_R2 = 3.0411563333354059
OFFSET_T = -18.849835038823372
OFFSET_P = -9.6555724161054428
GEAR_CALIB_T = 1.0
GEAR_CALIB_P = 1.0
GEAR_TYPE_T = 'namiki'
GEAR_TYPE_P = 'namiki'
OFFSET_X = 52.729028645383586
OFFSET_Y = 32.079898525278509
PHYSICAL_RANGE_T = 393.30781644123897
PHYSICAL_RANGE_P = 190.0
MOTOR_CCW_DIR_T = -1
MOTOR_CCW_DIR_P = -1
MOTOR_ID_T = 1
MOTOR_ID_P = 0

# HISTORY
TOTAL_MOVE_SEQUENCES = 959
TOTAL_CRUISE_MOVES_T = 570
TOTAL_CRUISE_MOVES_P = 467
TOTAL_CREEP_MOVES_T = 2244
TOTAL_CREEP_MOVES_P = 2347
TOTAL_LIMIT_SEEKS_T = 37
TOTAL_LIMIT_SEEKS_P = 44
LAST_PRIMARY_HARDSTOP_DIR_T = -1.0
LAST_PRIMARY_HARDSTOP_DIR_P = 1.0
LAST_MOVE_CMD = 'posTP; (auto backlash backup); (auto final creep)'
LAST_MOVE_VAL1 = '180; 3; -2.99897'
LAST_MOVE_VAL2 = '-3; -3; -4.09981'
LAST_MEAS_OBS_X = 58.52871767906381
LAST_MEAS_OBS_Y = 32.07970467674652
