# Settings file for fiber positioner unit: UM00012

POS_ID = 'UM00022'
CAN_ID = 22
DEVICE_ID = -1
PETAL_ID = -1

# STATE
POS_T = 44.404956575395175
POS_P = 36.794224824326065
GENERAL_SETTINGS_FILE = '_genl_settings_DEFAULT.conf'

# CALIBRATION
LENGTH_R1 = 3.0407860967785734
LENGTH_R2 = 2.9990619903721729
OFFSET_T = -60.470824354648045
OFFSET_P = -4.3851840827890953
GEAR_CALIB_T = 1.0
GEAR_CALIB_P = 1.0
GEAR_TYPE_T = 'namiki'
GEAR_TYPE_P = 'namiki'
OFFSET_X = 29.53618944535933
OFFSET_Y = 52.231299901983647
PHYSICAL_RANGE_T = 382.34678438007381
PHYSICAL_RANGE_P = 188.64679200362161
MOTOR_CCW_DIR_T = 1
MOTOR_CCW_DIR_P = 1
MOTOR_ID_T = 1
MOTOR_ID_P = 0

# HISTORY
TOTAL_MOVE_SEQUENCES = 42067
TOTAL_CRUISE_MOVES_T = 8872
TOTAL_CRUISE_MOVES_P = 8676
TOTAL_CREEP_MOVES_T = 116709
TOTAL_CREEP_MOVES_P = 116905
TOTAL_LIMIT_SEEKS_T = 522
TOTAL_LIMIT_SEEKS_P = 561
LAST_PRIMARY_HARDSTOP_DIR_T = -1.0
LAST_PRIMARY_HARDSTOP_DIR_P = 1.0
LAST_MOVE_CMD = 'dXdY; (auto backlash backup); (auto final creep)'
LAST_MOVE_VAL1 = '-0.000789545; 3; -3.00021'
LAST_MOVE_VAL2 = '0.000523036; -3; 3.00012'
LAST_MEAS_OBS_X = 35.33615697891242
LAST_MEAS_OBS_Y = 52.231874451904105
