# Template file for configuration of individual fiber positioner unit.

# ID
POS_ID = 'M00178'
CAN_ID = 311
DEVICE_ID = -1
PETAL_ID = -1

# STATE
POS_T = -20.963166580392066
POS_P = 38.134789999999924
GENERAL_SETTINGS_FILE = '_genl_settings_DEFAULT.conf'

# CALIBRATION
LENGTH_R1 = 3.0119763890263318
LENGTH_R2 = 3.0320214153652603
OFFSET_T = 4.26754976994469
OFFSET_P = -4.900701454541931
GEAR_CALIB_T = 1.0
GEAR_CALIB_P = 1.0
GEAR_TYPE_T = 'namiki'
GEAR_TYPE_P = 'namiki'
OFFSET_X = 59.463620702552625
OFFSET_Y = 41.963749363349464
PHYSICAL_RANGE_T = 393.22333217313013
PHYSICAL_RANGE_P = 190.0
MOTOR_CCW_DIR_T = -1
MOTOR_CCW_DIR_P = -1
MOTOR_ID_T = 1
MOTOR_ID_P = 0

# HISTORY
TOTAL_MOVE_SEQUENCES = 6932
TOTAL_CRUISE_MOVES_T = 1335
TOTAL_CRUISE_MOVES_P = 1350
TOTAL_CREEP_MOVES_T = 19423
TOTAL_CREEP_MOVES_P = 19408
TOTAL_LIMIT_SEEKS_T = 18
TOTAL_LIMIT_SEEKS_P = 21
LAST_PRIMARY_HARDSTOP_DIR_T = -1.0
LAST_PRIMARY_HARDSTOP_DIR_P = 1.0
LAST_MOVE_CMD = 'dXdY; (auto backlash backup); (auto final creep)'
LAST_MOVE_VAL1 = '-0.000620783; 3; -3.00013'
LAST_MOVE_VAL2 = '1.48494e-05; -3; 3.00004'
LAST_MEAS_OBS_X = 65.26325140606714
LAST_MEAS_OBS_Y = 41.96343891596624
