# Template file for configuration of individual fiber positioner unit.

# ID
POS_ID = 'M00228'
CAN_ID = 483
DEVICE_ID = -1
PETAL_ID = -1

# STATE
POS_T = 103.14027215410637
POS_P = 34.353564092373531
GENERAL_SETTINGS_FILE = '_genl_settings_DEFAULT.conf'

# CALIBRATION
LENGTH_R1 = 3.0635536763173863
LENGTH_R2 = 2.9830679160797948
OFFSET_T = -119.6066487259387
OFFSET_P = -1.136671213894644
GEAR_CALIB_T = 1.0
GEAR_CALIB_P = 1.0
GEAR_TYPE_T = 'namiki'
GEAR_TYPE_P = 'namiki'
OFFSET_X = 52.743155780442173
OFFSET_Y = 32.13308123471019
PHYSICAL_RANGE_T = 394.17622803746644
PHYSICAL_RANGE_P = 185.17215390300862
MOTOR_CCW_DIR_T = -1
MOTOR_CCW_DIR_P = -1
MOTOR_ID_T = 1
MOTOR_ID_P = 0

# HISTORY
TOTAL_MOVE_SEQUENCES = 3144
TOTAL_CRUISE_MOVES_T = 783
TOTAL_CRUISE_MOVES_P = 762
TOTAL_CREEP_MOVES_T = 8574
TOTAL_CREEP_MOVES_P = 8595
TOTAL_LIMIT_SEEKS_T = 38
TOTAL_LIMIT_SEEKS_P = 47
LAST_PRIMARY_HARDSTOP_DIR_T = -1.0
LAST_PRIMARY_HARDSTOP_DIR_P = 1.0
LAST_MOVE_CMD = 'dXdY; (auto backlash backup); (auto final creep)'
LAST_MOVE_VAL1 = '-2.6294e-05; 3; -3.00003'
LAST_MOVE_VAL2 = '-0.00144527; -3; 3.0002'
LAST_MEAS_OBS_X = 58.54347080658532
LAST_MEAS_OBS_Y = 32.13325715099995
