# Template file for configuration of individual fiber positioner unit.

# ID
POS_ID = 'M00240'
CAN_ID = 69
DEVICE_ID = -1
PETAL_ID = -1

# STATE
POS_T = -9.6654357253503083
POS_P = 39.767266133815319
GENERAL_SETTINGS_FILE = '_genl_settings_DEFAULT.conf'

# CALIBRATION
LENGTH_R1 = 3.107827863763188
LENGTH_R2 = 3.0345663040597777
OFFSET_T = -9.6385962996603425
OFFSET_P = -1.3415220482575272
GEAR_CALIB_T = 1.0
GEAR_CALIB_P = 1.0
GEAR_TYPE_T = 'namiki'
GEAR_TYPE_P = 'namiki'
OFFSET_X = 44.930161280424699
OFFSET_Y = 48.517185876670382
PHYSICAL_RANGE_T = 393.24114058650343
PHYSICAL_RANGE_P = 188.16648281380517
MOTOR_CCW_DIR_T = -1
MOTOR_CCW_DIR_P = -1
MOTOR_ID_T = 1
MOTOR_ID_P = 0

# HISTORY
TOTAL_MOVE_SEQUENCES = 3042
TOTAL_CRUISE_MOVES_T = 716
TOTAL_CRUISE_MOVES_P = 711
TOTAL_CREEP_MOVES_T = 8348
TOTAL_CREEP_MOVES_P = 8353
TOTAL_LIMIT_SEEKS_T = 32
TOTAL_LIMIT_SEEKS_P = 39
LAST_PRIMARY_HARDSTOP_DIR_T = -1.0
LAST_PRIMARY_HARDSTOP_DIR_P = 1.0
LAST_MOVE_CMD = 'dXdY; (auto backlash backup); (auto final creep)'
LAST_MOVE_VAL1 = '3.86988e-05; 3; -2.99996'
LAST_MOVE_VAL2 = '8.24379e-05; -3; 2.99997'
LAST_MEAS_OBS_X = 50.73060530530294
LAST_MEAS_OBS_Y = 48.51733520093354
