# Template file for configuration of individual fiber positioner unit.

# ID
POS_ID = 'M00187'
CAN_ID = 398
DEVICE_ID = -1
PETAL_ID = -1

# STATE
POS_T = 121.75743788502929
POS_P = 37.247428415075341
GENERAL_SETTINGS_FILE = '_genl_settings_DEFAULT.conf'

# CALIBRATION
LENGTH_R1 = 2.9961224163688911
LENGTH_R2 = 3.0668510207316473
OFFSET_T = -138.91162864995493
OFFSET_P = -3.3105158284498941
GEAR_CALIB_T = 1.0
GEAR_CALIB_P = 1.0
GEAR_TYPE_T = 'namiki'
GEAR_TYPE_P = 'namiki'
OFFSET_X = 48.968992475922818
OFFSET_Y = 16.516846193067355
PHYSICAL_RANGE_T = 392.2235541064851
PHYSICAL_RANGE_P = 187.37725466543336
MOTOR_CCW_DIR_T = -1
MOTOR_CCW_DIR_P = -1
MOTOR_ID_T = 1
MOTOR_ID_P = 0

# HISTORY
TOTAL_MOVE_SEQUENCES = 4474
TOTAL_CRUISE_MOVES_T = 921
TOTAL_CRUISE_MOVES_P = 909
TOTAL_CREEP_MOVES_T = 12457
TOTAL_CREEP_MOVES_P = 12469
TOTAL_LIMIT_SEEKS_T = 25
TOTAL_LIMIT_SEEKS_P = 30
LAST_PRIMARY_HARDSTOP_DIR_T = -1.0
LAST_PRIMARY_HARDSTOP_DIR_P = 1.0
LAST_MOVE_CMD = 'dXdY; (auto backlash backup); (auto final creep)'
LAST_MOVE_VAL1 = '-0.000703805; 3; -2.99998'
LAST_MOVE_VAL2 = '0.000366242; -3; 3.00002'
LAST_MEAS_OBS_X = 54.76880269655857
LAST_MEAS_OBS_Y = 16.517566585790227
