# Settings file for fiber positioner unit: UM00011

POS_ID = 'UM00011'
CAN_ID = 11
DEVICE_ID = -1
PETAL_ID = -1

# STATE
POS_T = -95.238189366759286
POS_P = 155.09994962962963
GENERAL_SETTINGS_FILE = '_genl_settings_DEFAULT.conf'

# CALIBRATION
LENGTH_R1 = 2.9130873362750127
LENGTH_R2 = 2.8866540397667095
OFFSET_T = 100.90778027928668
OFFSET_P = 0.0
GEAR_CALIB_T = 1.0
GEAR_CALIB_P = 1.0
GEAR_TYPE_T = 'namiki'
GEAR_TYPE_P = 'namiki'
OFFSET_X = 13.559282192769697
OFFSET_Y = 7.240272612234139
PHYSICAL_RANGE_T = 376.47608811623456
PHYSICAL_RANGE_P = 190.0
MOTOR_CCW_DIR_T = 1
MOTOR_CCW_DIR_P = 1
MOTOR_ID_T = 1
MOTOR_ID_P = 0

# HISTORY
TOTAL_MOVE_SEQUENCES = 664
TOTAL_CRUISE_MOVES_T = 451
TOTAL_CRUISE_MOVES_P = 510
TOTAL_CREEP_MOVES_T = 1511
TOTAL_CREEP_MOVES_P = 1452
TOTAL_LIMIT_SEEKS_T = 73
TOTAL_LIMIT_SEEKS_P = 77
LAST_PRIMARY_HARDSTOP_DIR_T = -1.0
LAST_PRIMARY_HARDSTOP_DIR_P = 1.0
LAST_MOVE_CMD = 'direct_dtdp; (auto backlash backup); (auto final creep)'
LAST_MOVE_VAL1 = '-180; 3; -3.00421'
LAST_MOVE_VAL2 = '30; -3; 2.99912'
LAST_MEAS_OBS_X = 7.790253111021289
LAST_MEAS_OBS_Y = 7.235285460797854
