# Template file for configuration of individual fiber positioner unit.

# ID
POS_ID = 'M00254'
CAN_ID = 261
DEVICE_ID = -1
PETAL_ID = -1

# STATE
POS_T = -150.82483679567065
POS_P = 41.661295802469148
GENERAL_SETTINGS_FILE = '_genl_settings_DEFAULT.conf'

# CALIBRATION
LENGTH_R1 = 3.0696775138285255
LENGTH_R2 = 3.0394555492683968
OFFSET_T = 128.21649080927074
OFFSET_P = -4.5728875892087473
GEAR_CALIB_T = 1.0
GEAR_CALIB_P = 1.0
GEAR_TYPE_T = 'namiki'
GEAR_TYPE_P = 'namiki'
OFFSET_X = 37.965838586162185
OFFSET_Y = 32.316188282472112
PHYSICAL_RANGE_T = 394.0643313691192
PHYSICAL_RANGE_P = 190.0
MOTOR_CCW_DIR_T = -1
MOTOR_CCW_DIR_P = -1
MOTOR_ID_T = 1
MOTOR_ID_P = 0

# HISTORY
TOTAL_MOVE_SEQUENCES = 3035
TOTAL_CRUISE_MOVES_T = 751
TOTAL_CRUISE_MOVES_P = 735
TOTAL_CREEP_MOVES_T = 8293
TOTAL_CREEP_MOVES_P = 8309
TOTAL_LIMIT_SEEKS_T = 31
TOTAL_LIMIT_SEEKS_P = 38
LAST_PRIMARY_HARDSTOP_DIR_T = -1.0
LAST_PRIMARY_HARDSTOP_DIR_P = 1.0
LAST_MOVE_CMD = 'dXdY; (auto backlash backup); (auto final creep)'
LAST_MOVE_VAL1 = '-0.000576962; 3; -2.99996'
LAST_MOVE_VAL2 = '0.014121; -3; 3.00008'
LAST_MEAS_OBS_X = 43.76631132566815
LAST_MEAS_OBS_Y = 32.31114101601881
