# Template file for configuration of individual fiber positioner unit.

# ID
POS_ID = 'M00034'
CAN_ID = 91
DEVICE_ID = -1
PETAL_ID = -1

# STATE
POS_T = 149.51439274336411
POS_P = 63.599011374890907
GENERAL_SETTINGS_FILE = '_genl_settings_DEFAULT.conf'

# CALIBRATION
LENGTH_R1 = 2.9915404721982926
LENGTH_R2 = 3.0520469294277799
OFFSET_T = -170.37059750076344
OFFSET_P = 8.5244253064189053
GEAR_CALIB_T = 1.0
GEAR_CALIB_P = 1.0
GEAR_TYPE_T = 'namiki'
GEAR_TYPE_P = 'namiki'
OFFSET_X = 28.465348053624325
OFFSET_Y = 11.937810051236678
PHYSICAL_RANGE_T = 387.25810488364266
PHYSICAL_RANGE_P = 185.37673601903177
MOTOR_CCW_DIR_T = -1
MOTOR_CCW_DIR_P = -1
MOTOR_ID_T = 1
MOTOR_ID_P = 0

# HISTORY
TOTAL_MOVE_SEQUENCES = 6958
TOTAL_CRUISE_MOVES_T = 2396
TOTAL_CRUISE_MOVES_P = 2198
TOTAL_CREEP_MOVES_T = 18351
TOTAL_CREEP_MOVES_P = 18549
TOTAL_LIMIT_SEEKS_T = 76
TOTAL_LIMIT_SEEKS_P = 91
LAST_PRIMARY_HARDSTOP_DIR_T = -1.0
LAST_PRIMARY_HARDSTOP_DIR_P = 1.0
LAST_MOVE_CMD = 'dXdY; (auto backlash backup); (auto final creep)'
LAST_MOVE_VAL1 = '-0.120543; 3; -3.00015'
LAST_MOVE_VAL2 = '-0.00589459; -3; 3.00013'
LAST_MEAS_OBS_X = 34.17885144226421
LAST_MEAS_OBS_Y = 11.793716812564586
