# Template file for configuration of individual fiber positioner unit.

# ID
POS_ID = 'M00057'
CAN_ID = 57
DEVICE_ID = -1
PETAL_ID = -1

# STATE
POS_T = -126.95003965705085
POS_P = 146.67421814814816
GENERAL_SETTINGS_FILE = '_genl_settings_DEFAULT.conf'

# CALIBRATION
LENGTH_R1 = 2.9336400932871829
LENGTH_R2 = 2.9626662364142948
OFFSET_T = 127.21025008987527
OFFSET_P = -5.658280092613154
GEAR_CALIB_T = 1.0
GEAR_CALIB_P = 1.0
GEAR_TYPE_T = 'namiki'
GEAR_TYPE_P = 'namiki'
OFFSET_X = 39.576802577023962
OFFSET_Y = 50.931751527340992
PHYSICAL_RANGE_T = 393.22375585731197
PHYSICAL_RANGE_P = 190.0
MOTOR_CCW_DIR_T = -1
MOTOR_CCW_DIR_P = -1
MOTOR_ID_T = 1
MOTOR_ID_P = 0

# HISTORY
TOTAL_MOVE_SEQUENCES = 13686
TOTAL_CRUISE_MOVES_T = 4682
TOTAL_CRUISE_MOVES_P = 4228
TOTAL_CREEP_MOVES_T = 36114
TOTAL_CREEP_MOVES_P = 36568
TOTAL_LIMIT_SEEKS_T = 178
TOTAL_LIMIT_SEEKS_P = 208
LAST_PRIMARY_HARDSTOP_DIR_T = -1.0
LAST_PRIMARY_HARDSTOP_DIR_P = 1.0
LAST_MOVE_CMD = 'obsXY; (auto backlash backup); (auto final creep)'
LAST_MOVE_VAL1 = '40.199; 3; -3.00123'
LAST_MOVE_VAL2 = '52.7984; -3; 2.99839'
LAST_MEAS_OBS_X = 40.19903463936913
LAST_MEAS_OBS_Y = 51.553512069028464
