# Template file for configuration of individual fiber positioner unit.

# ID
POS_ID = 'M00026'
CAN_ID = 222
DEVICE_ID = -1
PETAL_ID = -1

# STATE
POS_T = -6.3953210020976368
POS_P = 44.568177571989835
GENERAL_SETTINGS_FILE = '_genl_settings_DEFAULT.conf'

# CALIBRATION
LENGTH_R1 = 2.9805172081211291
LENGTH_R2 = 3.077193798696864
OFFSET_T = -16.33235291434902
OFFSET_P = 0.40273261764875229
GEAR_CALIB_T = 1.0
GEAR_CALIB_P = 1.0
GEAR_TYPE_T = 'namiki'
GEAR_TYPE_P = 'namiki'
OFFSET_X = 26.608634031475841
OFFSET_Y = 30.971347086622622
PHYSICAL_RANGE_T = 394.71550842394856
PHYSICAL_RANGE_P = 185.23472008144637
MOTOR_CCW_DIR_T = -1
MOTOR_CCW_DIR_P = -1
MOTOR_ID_T = 1
MOTOR_ID_P = 0

# HISTORY
TOTAL_MOVE_SEQUENCES = 3422
TOTAL_CRUISE_MOVES_T = 930
TOTAL_CRUISE_MOVES_P = 890
TOTAL_CREEP_MOVES_T = 9277
TOTAL_CREEP_MOVES_P = 9317
TOTAL_LIMIT_SEEKS_T = 54
TOTAL_LIMIT_SEEKS_P = 62
LAST_PRIMARY_HARDSTOP_DIR_T = -1.0
LAST_PRIMARY_HARDSTOP_DIR_P = 1.0
LAST_MOVE_CMD = 'dXdY; (auto backlash backup); (auto final creep)'
LAST_MOVE_VAL1 = '0.000177623; 3; -2.99999'
LAST_MOVE_VAL2 = '0.00107039; -3; 3.00005'
LAST_MEAS_OBS_X = 32.2090276102114
LAST_MEAS_OBS_Y = 30.970966744414255
