# Template file for configuration of individual fiber positioner unit.

# ID
POS_ID = 'M00095'
CAN_ID = 95
DEVICE_ID = -1
PETAL_ID = -1

# STATE
POS_T = 187.58079218472747
POS_P = 106.99991629629628
GENERAL_SETTINGS_FILE = '_genl_settings_DEFAULT.conf'

# CALIBRATION
LENGTH_R1 = 2.9209121598933567
LENGTH_R2 = 3.0892472267126965
OFFSET_T = 26.583660418209917
OFFSET_P = -16.19617697039854
GEAR_CALIB_T = 1.0
GEAR_CALIB_P = 1.0
GEAR_TYPE_T = 'namiki'
GEAR_TYPE_P = 'namiki'
OFFSET_X = 70.154494197884418
OFFSET_Y = 81.206583852947034
PHYSICAL_RANGE_T = 393.16184402560691
PHYSICAL_RANGE_P = 190.0
MOTOR_CCW_DIR_T = -1
MOTOR_CCW_DIR_P = -1
MOTOR_ID_T = 1
MOTOR_ID_P = 0

# HISTORY
TOTAL_MOVE_SEQUENCES = 43
TOTAL_CRUISE_MOVES_T = 30
TOTAL_CRUISE_MOVES_P = 18
TOTAL_CREEP_MOVES_T = 90
TOTAL_CREEP_MOVES_P = 102
TOTAL_LIMIT_SEEKS_T = 4
TOTAL_LIMIT_SEEKS_P = 5
LAST_PRIMARY_HARDSTOP_DIR_T = -1.0
LAST_PRIMARY_HARDSTOP_DIR_P = 1.0
LAST_MOVE_CMD = 'posTP; (auto backlash backup); (auto final creep)'
LAST_MOVE_VAL1 = '187.581; 3; -2.99786'
LAST_MOVE_VAL2 = '107; -0; 8.37037e-05'
LAST_MEAS_OBS_X = 68.78688003689308
LAST_MEAS_OBS_Y = 77.61049892939327
