# Configuration file for unit M00116.
# Note this unit is one of the first 3 gamma prototypes

#ID
POS_ID = 'M00116'
CAN_ID = 116
DEVICE_ID = -1
PETAL_ID = -1

# STATE
POS_T = -103.52599212867955
POS_P = 7.122297616057253
GENERAL_SETTINGS_FILE = '_genl_settings_DEFAULT.conf'

# CALIBRATION
LENGTH_R1 = 2.959883404475673
LENGTH_R2 = 3.0278837180420277
OFFSET_T = 103.5258571557725
OFFSET_P = -1.8000419177878608
GEAR_CALIB_T = 1.0
GEAR_CALIB_P = 1.0
GEAR_TYPE_T = 'namiki'
GEAR_TYPE_P = 'namiki'
OFFSET_X = 45.12631216556237
OFFSET_Y = 10.495211222955355
PHYSICAL_RANGE_T = 394.16504623266775
PHYSICAL_RANGE_P = 187.76141148398358
MOTOR_CCW_DIR_T = -1
MOTOR_CCW_DIR_P = -1
MOTOR_ID_T = 1
MOTOR_ID_P = 0

# HISTORY
TOTAL_MOVE_SEQUENCES = 8098
TOTAL_CRUISE_MOVES_T = 2330
TOTAL_CRUISE_MOVES_P = 2264
TOTAL_CREEP_MOVES_T = 21911
TOTAL_CREEP_MOVES_P = 21977
TOTAL_LIMIT_SEEKS_T = 49
TOTAL_LIMIT_SEEKS_P = 57
LAST_PRIMARY_HARDSTOP_DIR_T = -1.0
LAST_PRIMARY_HARDSTOP_DIR_P = 1.0
LAST_MOVE_CMD = 'posTP; (auto backlash backup); (auto final creep)'
LAST_MOVE_VAL1 = '-103.526; 3; -3.00171'
LAST_MOVE_VAL2 = '7.12239; -3; 3.0049'
LAST_MEAS_OBS_X = 51.13051228203566
LAST_MEAS_OBS_Y = 10.854018522983287
