# Configuration file for unit M00386.

#ID
POS_ID = 'M00386'
CAN_ID = 348
DEVICE_ID = -1
PETAL_ID = -1

# STATE
POS_T = -179.99997920384675
POS_P = -2.9999719753087035
GENERAL_SETTINGS_FILE = '_genl_settings_DEFAULT.conf'

# CALIBRATION
LENGTH_R1 = 2.8956316119343781
LENGTH_R2 = 3.0731770602202118
OFFSET_T = 144.56068389603294
OFFSET_P = 0.0
GEAR_CALIB_T = 1.0
GEAR_CALIB_P = 1.0
GEAR_TYPE_T = 'namiki'
GEAR_TYPE_P = 'namiki'
OFFSET_X = 45.595968888826484
OFFSET_Y = 16.063970759078693
PHYSICAL_RANGE_T = 394.02051766695286
PHYSICAL_RANGE_P = 190.0
MOTOR_CCW_DIR_T = -1
MOTOR_CCW_DIR_P = -1
MOTOR_ID_T = 1
MOTOR_ID_P = 0

# HISTORY
TOTAL_MOVE_SEQUENCES = 3043
TOTAL_CRUISE_MOVES_T = 853
TOTAL_CRUISE_MOVES_P = 832
TOTAL_CREEP_MOVES_T = 8197
TOTAL_CREEP_MOVES_P = 8218
TOTAL_LIMIT_SEEKS_T = 44
TOTAL_LIMIT_SEEKS_P = 50
LAST_PRIMARY_HARDSTOP_DIR_T = -1.0
LAST_PRIMARY_HARDSTOP_DIR_P = 1.0
LAST_MOVE_CMD = 'posTP; (auto backlash backup); (auto final creep)'
LAST_MOVE_VAL1 = '180; 3; -3.00038'
LAST_MOVE_VAL2 = '-3; -3; -4.09655'
LAST_MEAS_OBS_X = 51.39962958176743
LAST_MEAS_OBS_Y = 16.069061094619716
