# Configuration file for unit M00386.

#ID
POS_ID = 'M00386'
CAN_ID = 348
DEVICE_ID = -1
PETAL_ID = -1

# STATE
POS_T = -163.55441123538603
POS_P = 37.273394197530791
GENERAL_SETTINGS_FILE = '_genl_settings_DEFAULT.conf'

# CALIBRATION
LENGTH_R1 = 2.9081139971084631
LENGTH_R2 = 3.0844095729618743
OFFSET_T = 148.3166220364914
OFFSET_P = -7.5355157355503302
GEAR_CALIB_T = 1.0
GEAR_CALIB_P = 1.0
GEAR_TYPE_T = 'namiki'
GEAR_TYPE_P = 'namiki'
OFFSET_X = 45.587917182207896
OFFSET_Y = 16.072303827259894
PHYSICAL_RANGE_T = 394.05153802632765
PHYSICAL_RANGE_P = 190.0
MOTOR_CCW_DIR_T = -1
MOTOR_CCW_DIR_P = -1
MOTOR_ID_T = 1
MOTOR_ID_P = 0

# HISTORY
TOTAL_MOVE_SEQUENCES = 3477
TOTAL_CRUISE_MOVES_T = 1018
TOTAL_CRUISE_MOVES_P = 993
TOTAL_CREEP_MOVES_T = 9298
TOTAL_CREEP_MOVES_P = 9323
TOTAL_LIMIT_SEEKS_T = 60
TOTAL_LIMIT_SEEKS_P = 70
LAST_PRIMARY_HARDSTOP_DIR_T = -1.0
LAST_PRIMARY_HARDSTOP_DIR_P = 1.0
LAST_MOVE_CMD = 'dXdY; (auto backlash backup); (auto final creep)'
LAST_MOVE_VAL1 = '1.67294e-05; 3; -3.00016'
LAST_MOVE_VAL2 = '-0.00254562; -3; 3.00001'
LAST_MEAS_OBS_X = 51.38854456667815
LAST_MEAS_OBS_Y = 16.073396320618315
