# Template file for configuration of individual fiber positioner unit.

# ID
POS_ID = 'M00024'
CAN_ID = 435
DEVICE_ID = -1
PETAL_ID = -1

# STATE
POS_T = -192.9038860685118
POS_P = 202.40022607955783
GENERAL_SETTINGS_FILE = '_genl_settings_DEFAULT.conf'

# CALIBRATION
LENGTH_R1 = 3.0332531122704429
LENGTH_R2 = 3.0260726458047413
OFFSET_T = 11.865315116570848
OFFSET_P = 2.2920688597394321
GEAR_CALIB_T = 1.0
GEAR_CALIB_P = 1.0
GEAR_TYPE_T = 'namiki'
GEAR_TYPE_P = 'namiki'
OFFSET_X = 53.964916801568798
OFFSET_Y = 32.010323945446494
PHYSICAL_RANGE_T = 391.80777213702362
PHYSICAL_RANGE_P = 207.47497583793719
MOTOR_CCW_DIR_T = -1
MOTOR_CCW_DIR_P = -1
MOTOR_ID_T = 1
MOTOR_ID_P = 0

# HISTORY
TOTAL_MOVE_SEQUENCES = 8735
TOTAL_CRUISE_MOVES_T = 1703
TOTAL_CRUISE_MOVES_P = 1719
TOTAL_CREEP_MOVES_T = 24434
TOTAL_CREEP_MOVES_P = 24418
TOTAL_LIMIT_SEEKS_T = 38
TOTAL_LIMIT_SEEKS_P = 46
LAST_PRIMARY_HARDSTOP_DIR_T = -1.0
LAST_PRIMARY_HARDSTOP_DIR_P = 1.0
LAST_MOVE_CMD = 'P limit seek; T limit seek; debounce direct_dtdp; debounce direct_dtdp'
LAST_MOVE_VAL1 = '0; -1; 3; 3'
LAST_MOVE_VAL2 = '1; 0; -3; -3'
LAST_MEAS_OBS_X = 59.76328051981917
LAST_MEAS_OBS_Y = 32.01123992282313
