# Template file for configuration of individual fiber positioner unit.

# ID
POS_ID = 'M00185'
CAN_ID = 1
DEVICE_ID = -1
PETAL_ID = -1

# STATE
POS_T = -11.952949274769196
POS_P = 41.865529012345839
GENERAL_SETTINGS_FILE = '_genl_settings_DEFAULT.conf'

# CALIBRATION
LENGTH_R1 = 3.000148847326201
LENGTH_R2 = 3.0756482405115122
OFFSET_T = -5.5074633524728149
OFFSET_P = -6.8669927116936549
GEAR_CALIB_T = 1.0
GEAR_CALIB_P = 1.0
GEAR_TYPE_T = 'namiki'
GEAR_TYPE_P = 'namiki'
OFFSET_X = 37.223871820531258
OFFSET_Y = 25.850985792884874
PHYSICAL_RANGE_T = 394.93437484583416
PHYSICAL_RANGE_P = 190.0
MOTOR_CCW_DIR_T = -1
MOTOR_CCW_DIR_P = -1
MOTOR_ID_T = 1
MOTOR_ID_P = 0

# HISTORY
TOTAL_MOVE_SEQUENCES = 2192
TOTAL_CRUISE_MOVES_T = 436
TOTAL_CRUISE_MOVES_P = 428
TOTAL_CREEP_MOVES_T = 6122
TOTAL_CREEP_MOVES_P = 6130
TOTAL_LIMIT_SEEKS_T = 8
TOTAL_LIMIT_SEEKS_P = 10
LAST_PRIMARY_HARDSTOP_DIR_T = -1.0
LAST_PRIMARY_HARDSTOP_DIR_P = 1.0
LAST_MOVE_CMD = 'dXdY; (auto backlash backup); (auto final creep)'
LAST_MOVE_VAL1 = '-8.11886e-05; 3; -3.00015'
LAST_MOVE_VAL2 = '0.000455658; -3; 2.99999'
LAST_MEAS_OBS_X = 43.02441623601164
LAST_MEAS_OBS_Y = 25.85163629196933
