# Template file for configuration of individual fiber positioner unit.

# ID
POS_ID = 'M00197'
CAN_ID = 458
DEVICE_ID = -1
PETAL_ID = -1

# STATE
POS_T = -194.52191882449281
POS_P = 181.34320283579032
GENERAL_SETTINGS_FILE = '_genl_settings_DEFAULT.conf'

# CALIBRATION
LENGTH_R1 = 3.0397316892767039
LENGTH_R2 = 3.0149859394789189
OFFSET_T = 145.93262500490582
OFFSET_P = -1.6664039359727383
GEAR_CALIB_T = 1.0
GEAR_CALIB_P = 1.0
GEAR_TYPE_T = 'namiki'
GEAR_TYPE_P = 'namiki'
OFFSET_X = 75.397567984301332
OFFSET_Y = 16.142522111679153
PHYSICAL_RANGE_T = 395.04383764898563
PHYSICAL_RANGE_P = 186.20525538968718
MOTOR_CCW_DIR_T = -1
MOTOR_CCW_DIR_P = -1
MOTOR_ID_T = 1
MOTOR_ID_P = 0

# HISTORY
TOTAL_MOVE_SEQUENCES = 4612
TOTAL_CRUISE_MOVES_T = 941
TOTAL_CRUISE_MOVES_P = 940
TOTAL_CREEP_MOVES_T = 12855
TOTAL_CREEP_MOVES_P = 12856
TOTAL_LIMIT_SEEKS_T = 26
TOTAL_LIMIT_SEEKS_P = 31
LAST_PRIMARY_HARDSTOP_DIR_T = -1.0
LAST_PRIMARY_HARDSTOP_DIR_P = 1.0
LAST_MOVE_CMD = 'P limit seek; T limit seek; debounce direct_dtdp; debounce direct_dtdp'
LAST_MOVE_VAL1 = '0; -1; 3; 3'
LAST_MOVE_VAL2 = '1; 0; -3; -3'
LAST_MEAS_OBS_X = 81.19768407925423
LAST_MEAS_OBS_Y = 16.141498742649134
