# Configuration file for unit M00844.

#ID
POS_ID = 'M00844'
CAN_ID = 557
DEVICE_ID = -1
PETAL_ID = -1

# STATE
POS_T = 5.0878007556320881e-05
POS_P = 179.99996960080173
GENERAL_SETTINGS_FILE = '_genl_settings_DEFAULT.conf'

# CALIBRATION
LENGTH_R1 = 3.0123670383762358
LENGTH_R2 = 3.0226227750334229
OFFSET_T = -150.1487803817578
OFFSET_P = 1.9678417959532908
GEAR_CALIB_T = 1.0
GEAR_CALIB_P = 1.0
GEAR_TYPE_T = 'namiki'
GEAR_TYPE_P = 'namiki'
OFFSET_X = 30.735850101178031
OFFSET_Y = 16.341013211284942
PHYSICAL_RANGE_T = 395.40000663904732
PHYSICAL_RANGE_P = 190.71606818387477
MOTOR_CCW_DIR_T = -1
MOTOR_CCW_DIR_P = -1
MOTOR_ID_T = 1
MOTOR_ID_P = 0

# HISTORY
TOTAL_MOVE_SEQUENCES = 876
TOTAL_CRUISE_MOVES_T = 211
TOTAL_CRUISE_MOVES_P = 230
TOTAL_CREEP_MOVES_T = 2408
TOTAL_CREEP_MOVES_P = 2389
TOTAL_LIMIT_SEEKS_T = 10
TOTAL_LIMIT_SEEKS_P = 11
LAST_PRIMARY_HARDSTOP_DIR_T = -1.0
LAST_PRIMARY_HARDSTOP_DIR_P = 1.0
LAST_MOVE_CMD = 'posTP; (auto backlash backup); (auto final creep)'
LAST_MOVE_VAL1 = '0; 3; -3.0016'
LAST_MOVE_VAL2 = '180; -3; 3.00484'
LAST_MEAS_OBS_X = 36.53540237236439
LAST_MEAS_OBS_Y = 16.340721685535254
