# Configuration file for unit M00323.

#ID
POS_ID = 'M00323'
CAN_ID = 88
DEVICE_ID = -1
PETAL_ID = -1

# STATE
POS_T = 180.00011285480542
POS_P = -2.9999719753086467
GENERAL_SETTINGS_FILE = '_genl_settings_DEFAULT.conf'

# CALIBRATION
LENGTH_R1 = 3.0117954464463832
LENGTH_R2 = 3.0179591734529581
OFFSET_T = -84.264546132570018
OFFSET_P = -3.9320495529176185
GEAR_CALIB_T = 1.0
GEAR_CALIB_P = 1.0
GEAR_TYPE_T = 'namiki'
GEAR_TYPE_P = 'namiki'
OFFSET_X = 60.463536018996862
OFFSET_Y = 16.175282162840595
PHYSICAL_RANGE_T = 394.20591552495699
PHYSICAL_RANGE_P = 190.0
MOTOR_CCW_DIR_T = -1
MOTOR_CCW_DIR_P = -1
MOTOR_ID_T = 1
MOTOR_ID_P = 0

# HISTORY
TOTAL_MOVE_SEQUENCES = 173
TOTAL_CRUISE_MOVES_T = 59
TOTAL_CRUISE_MOVES_P = 62
TOTAL_CREEP_MOVES_T = 452
TOTAL_CREEP_MOVES_P = 449
TOTAL_LIMIT_SEEKS_T = 6
TOTAL_LIMIT_SEEKS_P = 7
LAST_PRIMARY_HARDSTOP_DIR_T = -1.0
LAST_PRIMARY_HARDSTOP_DIR_P = 1.0
LAST_MOVE_CMD = 'posTP; (auto backlash backup); (auto final creep)'
LAST_MOVE_VAL1 = '180; 3; -3.00284'
LAST_MOVE_VAL2 = '-3; -3; -4.09862'
LAST_MEAS_OBS_X = 66.26271604745116
LAST_MEAS_OBS_Y = 16.18333432891985
