# Configuration file for unit M00449.

#ID
POS_ID = 'M00449'
CAN_ID = 163
DEVICE_ID = -1
PETAL_ID = -1

# STATE
POS_T = 121.47517147784184
POS_P = 39.385972172170355
GENERAL_SETTINGS_FILE = '_genl_settings_DEFAULT.conf'

# CALIBRATION
LENGTH_R1 = 2.9556207369370764
LENGTH_R2 = 3.1272117681862839
OFFSET_T = -139.82715639127457
OFFSET_P = -3.8058428058271048
GEAR_CALIB_T = 1.0
GEAR_CALIB_P = 1.0
GEAR_TYPE_T = 'namiki'
GEAR_TYPE_P = 'namiki'
OFFSET_X = 68.661016574988693
OFFSET_Y = 32.815330468186737
PHYSICAL_RANGE_T = 393.310971365304
PHYSICAL_RANGE_P = 188.1505147268463
MOTOR_CCW_DIR_T = -1
MOTOR_CCW_DIR_P = -1
MOTOR_ID_T = 1
MOTOR_ID_P = 0

# HISTORY
TOTAL_MOVE_SEQUENCES = 2284
TOTAL_CRUISE_MOVES_T = 507
TOTAL_CRUISE_MOVES_P = 511
TOTAL_CREEP_MOVES_T = 6320
TOTAL_CREEP_MOVES_P = 6316
TOTAL_LIMIT_SEEKS_T = 14
TOTAL_LIMIT_SEEKS_P = 17
LAST_PRIMARY_HARDSTOP_DIR_T = -1.0
LAST_PRIMARY_HARDSTOP_DIR_P = 1.0
LAST_MOVE_CMD = 'dXdY; (auto backlash backup); (auto final creep)'
LAST_MOVE_VAL1 = '-0.000490697; 3; -3.00017'
LAST_MOVE_VAL2 = '0.000341276; -3; 3.00014'
LAST_MEAS_OBS_X = 74.46097367609141
LAST_MEAS_OBS_Y = 32.814798760535695
