# Configuration file for unit M00356.

#ID
POS_ID = 'M00356'
CAN_ID = 178
DEVICE_ID = -1
PETAL_ID = -1

# STATE
POS_T = 76.323271255843167
POS_P = 44.073263333333273
GENERAL_SETTINGS_FILE = '_genl_settings_DEFAULT.conf'

# CALIBRATION
LENGTH_R1 = 3.0139557564739872
LENGTH_R2 = 3.1043622165637759
OFFSET_T = -95.279627309987347
OFFSET_P = -6.5450280064599156
GEAR_CALIB_T = 1.0
GEAR_CALIB_P = 1.0
GEAR_TYPE_T = 'namiki'
GEAR_TYPE_P = 'namiki'
OFFSET_X = 75.545089588718383
OFFSET_Y = 16.62048340576851
PHYSICAL_RANGE_T = 390.63797353769678
PHYSICAL_RANGE_P = 190.0
MOTOR_CCW_DIR_T = -1
MOTOR_CCW_DIR_P = -1
MOTOR_ID_T = 1
MOTOR_ID_P = 0

# HISTORY
TOTAL_MOVE_SEQUENCES = 3805
TOTAL_CRUISE_MOVES_T = 1036
TOTAL_CRUISE_MOVES_P = 1005
TOTAL_CREEP_MOVES_T = 10244
TOTAL_CREEP_MOVES_P = 10275
TOTAL_LIMIT_SEEKS_T = 68
TOTAL_LIMIT_SEEKS_P = 80
LAST_PRIMARY_HARDSTOP_DIR_T = -1.0
LAST_PRIMARY_HARDSTOP_DIR_P = 1.0
LAST_MOVE_CMD = 'dXdY; (auto backlash backup); (auto final creep)'
LAST_MOVE_VAL1 = '-0.000526344; 3; -2.99995'
LAST_MOVE_VAL2 = '0.000505135; -3; 3.00015'
LAST_MEAS_OBS_X = 81.34531585104438
LAST_MEAS_OBS_Y = 16.621153478440654
