# Template file for configuration of individual fiber positioner unit.

# ID
POS_ID = 'M00277'
CAN_ID = 99
DEVICE_ID = -1
PETAL_ID = -1

# STATE
POS_T = -194.25463636179498
POS_P = 182.75568318759082
GENERAL_SETTINGS_FILE = '_genl_settings_DEFAULT.conf'

# CALIBRATION
LENGTH_R1 = 3.0139786375741551
LENGTH_R2 = 3.0864856043670028
OFFSET_T = -159.97331231213889
OFFSET_P = -2.2352254061288477
GEAR_CALIB_T = 1.0
GEAR_CALIB_P = 1.0
GEAR_TYPE_T = 'namiki'
GEAR_TYPE_P = 'namiki'
OFFSET_X = 68.286251575350747
OFFSET_Y = 32.098243917416127
PHYSICAL_RANGE_T = 394.50927272358996
PHYSICAL_RANGE_P = 187.63200321978871
MOTOR_CCW_DIR_T = -1
MOTOR_CCW_DIR_P = -1
MOTOR_ID_T = 1
MOTOR_ID_P = 0

# HISTORY
TOTAL_MOVE_SEQUENCES = 2267
TOTAL_CRUISE_MOVES_T = 475
TOTAL_CRUISE_MOVES_P = 467
TOTAL_CREEP_MOVES_T = 6299
TOTAL_CREEP_MOVES_P = 6307
TOTAL_LIMIT_SEEKS_T = 14
TOTAL_LIMIT_SEEKS_P = 17
LAST_PRIMARY_HARDSTOP_DIR_T = -1.0
LAST_PRIMARY_HARDSTOP_DIR_P = 1.0
LAST_MOVE_CMD = 'P limit seek; T limit seek; debounce direct_dtdp; debounce direct_dtdp'
LAST_MOVE_VAL1 = '0; -1; 3; 3'
LAST_MOVE_VAL2 = '1; 0; -3; -3'
LAST_MEAS_OBS_X = 74.08660031305523
LAST_MEAS_OBS_Y = 32.09819982409525
