# Configuration file for unit M00435.

#ID
POS_ID = 'M00435'
CAN_ID = 435
DEVICE_ID = -1
PETAL_ID = -1

# STATE
POS_T = 42.477838006350225
POS_P = 31.008562716049308
GENERAL_SETTINGS_FILE = '_genl_settings_DEFAULT.conf'

# CALIBRATION
LENGTH_R1 = 2.9778689026404841
LENGTH_R2 = 3.1190594750517247
OFFSET_T = -61.056391176505755
OFFSET_P = 5.3056618300140883
GEAR_CALIB_T = 1.0
GEAR_CALIB_P = 1.0
GEAR_TYPE_T = 'namiki'
GEAR_TYPE_P = 'namiki'
OFFSET_X = 45.561489310782186
OFFSET_Y = 15.958935315048334
PHYSICAL_RANGE_T = 394.63534917248541
PHYSICAL_RANGE_P = 190.0
MOTOR_CCW_DIR_T = -1
MOTOR_CCW_DIR_P = -1
MOTOR_ID_T = 1
MOTOR_ID_P = 0

# HISTORY
TOTAL_MOVE_SEQUENCES = 2153
TOTAL_CRUISE_MOVES_T = 411
TOTAL_CRUISE_MOVES_P = 416
TOTAL_CREEP_MOVES_T = 6039
TOTAL_CREEP_MOVES_P = 6034
TOTAL_LIMIT_SEEKS_T = 5
TOTAL_LIMIT_SEEKS_P = 6
LAST_PRIMARY_HARDSTOP_DIR_T = -1.0
LAST_PRIMARY_HARDSTOP_DIR_P = 1.0
LAST_MOVE_CMD = 'dXdY; (auto backlash backup); (auto final creep)'
LAST_MOVE_VAL1 = '0.000169745; 3; -2.99994'
LAST_MOVE_VAL2 = '5.11722e-05; -3; 3.0002'
LAST_MEAS_OBS_X = 51.36099896321574
LAST_MEAS_OBS_Y = 15.959216995471989
