# Configuration file for unit M00360.

#ID
POS_ID = 'M00360'
CAN_ID = 67
DEVICE_ID = -1
PETAL_ID = -1

# STATE
POS_T = 179.99993735442337
POS_P = -2.9999719753086254
GENERAL_SETTINGS_FILE = '_genl_settings_DEFAULT.conf'

# CALIBRATION
LENGTH_R1 = 3.0142068927603587
LENGTH_R2 = 3.1459839546054678
OFFSET_T = -40.493810910362868
OFFSET_P = -4.5273033937062337
GEAR_CALIB_T = 1.0
GEAR_CALIB_P = 1.0
GEAR_TYPE_T = 'namiki'
GEAR_TYPE_P = 'namiki'
OFFSET_X = 22.953947009792092
OFFSET_Y = 31.732488209496164
PHYSICAL_RANGE_T = 394.54062800720249
PHYSICAL_RANGE_P = 190.0
MOTOR_CCW_DIR_T = -1
MOTOR_CCW_DIR_P = -1
MOTOR_ID_T = 1
MOTOR_ID_P = 0

# HISTORY
TOTAL_MOVE_SEQUENCES = 952
TOTAL_CRUISE_MOVES_T = 410
TOTAL_CRUISE_MOVES_P = 345
TOTAL_CREEP_MOVES_T = 2384
TOTAL_CREEP_MOVES_P = 2449
TOTAL_LIMIT_SEEKS_T = 37
TOTAL_LIMIT_SEEKS_P = 44
LAST_PRIMARY_HARDSTOP_DIR_T = -1.0
LAST_PRIMARY_HARDSTOP_DIR_P = 1.0
LAST_MOVE_CMD = 'posTP; (auto backlash backup); (auto final creep)'
LAST_MOVE_VAL1 = '180; 3; -2.99644'
LAST_MOVE_VAL2 = '-3; -3; -4.10188'
LAST_MEAS_OBS_X = 28.75420442279512
LAST_MEAS_OBS_Y = 31.732264267332088
