# Settings file for unit: M00012

POS_ID = 'M00012'
CAN_ID = 84
DEVICE_ID = -1
PETAL_ID = -1

# STATE
POS_T = 138.29258138519469
POS_P = 53.836991020826282
GENERAL_SETTINGS_FILE = '_genl_settings_DEFAULT.conf'

# CALIBRATION
LENGTH_R1 = 3.006202835405271
LENGTH_R2 = 3.021910395270362
OFFSET_T = -130.56538228484624
OFFSET_P = 0.8293011031387647
GEAR_CALIB_T = 1.0
GEAR_CALIB_P = 1.0
GEAR_TYPE_T = 'namiki'
GEAR_TYPE_P = 'namiki'
OFFSET_X = 44.64595388318693
OFFSET_Y = 10.361845814392034
PHYSICAL_RANGE_T = 392.5147174765255
PHYSICAL_RANGE_P = 187.96304430336636
MOTOR_CCW_DIR_T = -1
MOTOR_CCW_DIR_P = -1
MOTOR_ID_T = 1
MOTOR_ID_P = 0

# HISTORY
TOTAL_MOVE_SEQUENCES = 6683
TOTAL_CRUISE_MOVES_T = 2382
TOTAL_CRUISE_MOVES_P = 2274
TOTAL_CREEP_MOVES_T = 17534
TOTAL_CREEP_MOVES_P = 17642
TOTAL_LIMIT_SEEKS_T = 89
TOTAL_LIMIT_SEEKS_P = 106
LAST_PRIMARY_HARDSTOP_DIR_T = -1.0
LAST_PRIMARY_HARDSTOP_DIR_P = 1.0
LAST_MOVE_CMD = 'dXdY; (auto backlash backup); (auto final creep)'
LAST_MOVE_VAL1 = '-0.000838851; 3; -2.99994'
LAST_MOVE_VAL2 = '-5.60248e-05; -3; 3.00017'
LAST_MEAS_OBS_X = 49.001526962325336
LAST_MEAS_OBS_Y = 13.473420360096453
