# Template file for configuration of individual fiber positioner unit.

# ID
POS_ID = 'M00035'
CAN_ID = 20
DEVICE_ID = -1
PETAL_ID = -1

# STATE
POS_T = -140.31604119744495
POS_P = 89.626717325620035
GENERAL_SETTINGS_FILE = '_genl_settings_DEFAULT.conf'

# CALIBRATION
LENGTH_R1 = 3.3417556938712569
LENGTH_R2 = 3.4544869314755262
OFFSET_T = -103.43362570859833
OFFSET_P = -1.6436092745764233
GEAR_CALIB_T = 1.0
GEAR_CALIB_P = 1.0
GEAR_TYPE_T = 'namiki'
GEAR_TYPE_P = 'namiki'
OFFSET_X = 28.045982358466354
OFFSET_Y = 29.962763488669012
PHYSICAL_RANGE_T = 393.96982486402601
PHYSICAL_RANGE_P = 185.11233000842026
MOTOR_CCW_DIR_T = -1
MOTOR_CCW_DIR_P = -1
MOTOR_ID_T = 1
MOTOR_ID_P = 0

# HISTORY
TOTAL_MOVE_SEQUENCES = 3334
TOTAL_CRUISE_MOVES_T = 1241
TOTAL_CRUISE_MOVES_P = 1192
TOTAL_CREEP_MOVES_T = 8703
TOTAL_CREEP_MOVES_P = 8752
TOTAL_LIMIT_SEEKS_T = 39
TOTAL_LIMIT_SEEKS_P = 47
LAST_PRIMARY_HARDSTOP_DIR_T = -1.0
LAST_PRIMARY_HARDSTOP_DIR_P = 1.0
LAST_MOVE_CMD = 'dXdY; (auto backlash backup); (auto final creep)'
LAST_MOVE_VAL1 = '0.588675; 3; -2.99539'
LAST_MOVE_VAL2 = '0.301903; -3; 2.99942'
LAST_MEAS_OBS_X = 22.718845914669515
LAST_MEAS_OBS_Y = 29.230091486380115
