# Template file for configuration of individual fiber positioner unit.

# ID
POS_ID = 'M00018'
CAN_ID = 18
DEVICE_ID = -1
PETAL_ID = -1

# STATE
POS_T = 148.39145150227148
POS_P = 142.76323703426738
GENERAL_SETTINGS_FILE = '_genl_settings_DEFAULT.conf'

# CALIBRATION
LENGTH_R1 = 2.7336041119395644
LENGTH_R2 = 2.9537843867917535
OFFSET_T = -152.73372136489076
OFFSET_P = -3.0109668371552942
GEAR_CALIB_T = 1.0
GEAR_CALIB_P = 1.0
GEAR_TYPE_T = 'namiki'
GEAR_TYPE_P = 'namiki'
OFFSET_X = 39.979852849586223
OFFSET_Y = 21.383891727726642
PHYSICAL_RANGE_T = 392.72014168681551
PHYSICAL_RANGE_P = 183.12543795704781
MOTOR_CCW_DIR_T = -1
MOTOR_CCW_DIR_P = -1
MOTOR_ID_T = 1
MOTOR_ID_P = 0

# HISTORY
TOTAL_MOVE_SEQUENCES = 16036
TOTAL_CRUISE_MOVES_T = 5250
TOTAL_CRUISE_MOVES_P = 5326
TOTAL_CREEP_MOVES_T = 42596
TOTAL_CREEP_MOVES_P = 42520
TOTAL_LIMIT_SEEKS_T = 200
TOTAL_LIMIT_SEEKS_P = 234
LAST_PRIMARY_HARDSTOP_DIR_T = -1.0
LAST_PRIMARY_HARDSTOP_DIR_P = 1.0
LAST_MOVE_CMD = 'obsXY; (auto backlash backup); (auto final creep)'
LAST_MOVE_VAL1 = '40.6021; 3; -2.99917'
LAST_MOVE_VAL2 = '23.2506; -3; 3.00011'
LAST_MEAS_OBS_X = 40.60209201076431
LAST_MEAS_OBS_Y = 22.006093469474347
