# Configuration file for unit M00318.

#ID
POS_ID = 'M00318'
CAN_ID = 249
DEVICE_ID = -1
PETAL_ID = -1

# STATE
POS_T = 180.00013808137263
POS_P = -2.9999719753086751
GENERAL_SETTINGS_FILE = '_genl_settings_DEFAULT.conf'

# CALIBRATION
LENGTH_R1 = 2.9472674860379438
LENGTH_R2 = 3.1125345163583109
OFFSET_T = -41.658981690431197
OFFSET_P = -4.8320250194167471
GEAR_CALIB_T = 1.0
GEAR_CALIB_P = 1.0
GEAR_TYPE_T = 'namiki'
GEAR_TYPE_P = 'namiki'
OFFSET_X = 30.758995883213323
OFFSET_Y = 16.045156343453435
PHYSICAL_RANGE_T = 394.33273272614366
PHYSICAL_RANGE_P = 190.0
MOTOR_CCW_DIR_T = -1
MOTOR_CCW_DIR_P = -1
MOTOR_ID_T = 1
MOTOR_ID_P = 0

# HISTORY
TOTAL_MOVE_SEQUENCES = 3438
TOTAL_CRUISE_MOVES_T = 932
TOTAL_CRUISE_MOVES_P = 854
TOTAL_CREEP_MOVES_T = 9294
TOTAL_CREEP_MOVES_P = 9372
TOTAL_LIMIT_SEEKS_T = 50
TOTAL_LIMIT_SEEKS_P = 60
LAST_PRIMARY_HARDSTOP_DIR_T = -1.0
LAST_PRIMARY_HARDSTOP_DIR_P = 1.0
LAST_MOVE_CMD = 'posTP; (auto backlash backup); (auto final creep)'
LAST_MOVE_VAL1 = '180; 3; -3.00228'
LAST_MOVE_VAL2 = '-3; -3; -4.10426'
LAST_MEAS_OBS_X = 36.5593343526648
LAST_MEAS_OBS_Y = 16.045193813696102
