# Template file for configuration of individual fiber positioner unit.

# ID
POS_ID = 'M00245'
CAN_ID = 180
DEVICE_ID = -1
PETAL_ID = -1

# STATE
POS_T = -7.4176451978361699
POS_P = 41.996250123456761
GENERAL_SETTINGS_FILE = '_genl_settings_DEFAULT.conf'

# CALIBRATION
LENGTH_R1 = 3.0218196513974123
LENGTH_R2 = 3.0476921849805563
OFFSET_T = -9.9578351322391256
OFFSET_P = -7.5778095712206763
GEAR_CALIB_T = 1.0
GEAR_CALIB_P = 1.0
GEAR_TYPE_T = 'namiki'
GEAR_TYPE_P = 'namiki'
OFFSET_X = 23.165202180676889
OFFSET_Y = 32.097329274574406
PHYSICAL_RANGE_T = 395.93433138332637
PHYSICAL_RANGE_P = 190.0
MOTOR_CCW_DIR_T = -1
MOTOR_CCW_DIR_P = -1
MOTOR_ID_T = 1
MOTOR_ID_P = 0

# HISTORY
TOTAL_MOVE_SEQUENCES = 2884
TOTAL_CRUISE_MOVES_T = 750
TOTAL_CRUISE_MOVES_P = 706
TOTAL_CREEP_MOVES_T = 7847
TOTAL_CREEP_MOVES_P = 7891
TOTAL_LIMIT_SEEKS_T = 28
TOTAL_LIMIT_SEEKS_P = 33
LAST_PRIMARY_HARDSTOP_DIR_T = -1.0
LAST_PRIMARY_HARDSTOP_DIR_P = 1.0
LAST_MOVE_CMD = 'dXdY; (auto backlash backup); (auto final creep)'
LAST_MOVE_VAL1 = '0.00115759; 3; -3.00014'
LAST_MOVE_VAL2 = '0.00324678; -3; 3.00017'
LAST_MEAS_OBS_X = 28.965483364828494
LAST_MEAS_OBS_Y = 32.09858099214092
