# Configuration file for unit M00438.

#ID
POS_ID = 'M00438'
CAN_ID = 438
DEVICE_ID = -1
PETAL_ID = -1

# STATE
POS_T = -54.597987967199302
POS_P = 61.917642236788943
GENERAL_SETTINGS_FILE = '_genl_settings_DEFAULT.conf'

# CALIBRATION
LENGTH_R1 = 3.0560438618033889
LENGTH_R2 = 3.0825212160457909
OFFSET_T = 60.391754507445953
OFFSET_P = -3.1360266823450607
GEAR_CALIB_T = 1.0
GEAR_CALIB_P = 1.0
GEAR_TYPE_T = 'namiki'
GEAR_TYPE_P = 'namiki'
OFFSET_X = 45.199719925147384
OFFSET_Y = 31.545347435428901
PHYSICAL_RANGE_T = 393.40844210723935
PHYSICAL_RANGE_P = 186.61982542935411
MOTOR_CCW_DIR_T = -1
MOTOR_CCW_DIR_P = -1
MOTOR_ID_T = 1
MOTOR_ID_P = 0

# HISTORY
TOTAL_MOVE_SEQUENCES = 3495
TOTAL_CRUISE_MOVES_T = 863
TOTAL_CRUISE_MOVES_P = 941
TOTAL_CREEP_MOVES_T = 9566
TOTAL_CREEP_MOVES_P = 9488
TOTAL_LIMIT_SEEKS_T = 32
TOTAL_LIMIT_SEEKS_P = 36
LAST_PRIMARY_HARDSTOP_DIR_T = -1.0
LAST_PRIMARY_HARDSTOP_DIR_P = 1.0
LAST_MOVE_CMD = 'dXdY; (auto backlash backup); (auto final creep)'
LAST_MOVE_VAL1 = '0.000849952; 3; -3.0001'
LAST_MOVE_VAL2 = '0.00040266; -3; 3.00011'
LAST_MEAS_OBS_X = 49.55646700848371
LAST_MEAS_OBS_Y = 34.65569125939482
