# Configuration file for unit M00357.

#ID
POS_ID = 'M00357'
CAN_ID = 21
DEVICE_ID = -1
PETAL_ID = -1

# STATE
POS_T = 185.00006790122856
POS_P = -2.9999719753087888
GENERAL_SETTINGS_FILE = '_genl_settings_DEFAULT.conf'

# CALIBRATION
LENGTH_R1 = 3.0508504054216954
LENGTH_R2 = 3.0895387515807822
OFFSET_T = -54.945260887458289
OFFSET_P = -2.4615937109381321
GEAR_CALIB_T = 1.0
GEAR_CALIB_P = 1.0
GEAR_TYPE_T = 'namiki'
GEAR_TYPE_P = 'namiki'
OFFSET_X = 73.871310497258662
OFFSET_Y = 32.41600493191568
PHYSICAL_RANGE_T = 396.39419283951895
PHYSICAL_RANGE_P = 190.0
MOTOR_CCW_DIR_T = -1
MOTOR_CCW_DIR_P = -1
MOTOR_ID_T = 1
MOTOR_ID_P = 0

# HISTORY
TOTAL_MOVE_SEQUENCES = 7623
TOTAL_CRUISE_MOVES_T = 3735
TOTAL_CRUISE_MOVES_P = 3613
TOTAL_CREEP_MOVES_T = 19002
TOTAL_CREEP_MOVES_P = 19124
TOTAL_LIMIT_SEEKS_T = 70
TOTAL_LIMIT_SEEKS_P = 85
LAST_PRIMARY_HARDSTOP_DIR_T = -1.0
LAST_PRIMARY_HARDSTOP_DIR_P = 1.0
LAST_MOVE_CMD = 'posTP; (auto backlash backup); (auto final creep)'
LAST_MOVE_VAL1 = '185; 3; -2.99865'
LAST_MOVE_VAL2 = '-3; -3; -4.10337'
LAST_MEAS_OBS_X = 79.76531655172543
LAST_MEAS_OBS_Y = 32.47094635156755
