# Configuration file for unit M00356.

#ID
POS_ID = 'M00356'
CAN_ID = 178
DEVICE_ID = -1
PETAL_ID = -1

# STATE
POS_T = 179.99991923100595
POS_P = -2.9999719753087035
GENERAL_SETTINGS_FILE = '_genl_settings_DEFAULT.conf'

# CALIBRATION
LENGTH_R1 = 3.0077754349181247
LENGTH_R2 = 3.1040984027552576
OFFSET_T = -67.792000164017082
OFFSET_P = -6.2291058193956275
GEAR_CALIB_T = 1.0
GEAR_CALIB_P = 1.0
GEAR_TYPE_T = 'namiki'
GEAR_TYPE_P = 'namiki'
OFFSET_X = 75.373153986897165
OFFSET_Y = 16.630426002482118
PHYSICAL_RANGE_T = 390.99548400712405
PHYSICAL_RANGE_P = 190.0
MOTOR_CCW_DIR_T = -1
MOTOR_CCW_DIR_P = -1
MOTOR_ID_T = 1
MOTOR_ID_P = 0

# HISTORY
TOTAL_MOVE_SEQUENCES = 2656
TOTAL_CRUISE_MOVES_T = 583
TOTAL_CRUISE_MOVES_P = 583
TOTAL_CREEP_MOVES_T = 7350
TOTAL_CREEP_MOVES_P = 7350
TOTAL_LIMIT_SEEKS_T = 19
TOTAL_LIMIT_SEEKS_P = 23
LAST_PRIMARY_HARDSTOP_DIR_T = -1.0
LAST_PRIMARY_HARDSTOP_DIR_P = 1.0
LAST_MOVE_CMD = 'posTP; (auto backlash backup); (auto final creep)'
LAST_MOVE_VAL1 = '180; 3; -2.99791'
LAST_MOVE_VAL2 = '-3; -3; -4.101'
LAST_MEAS_OBS_X = 81.17289495140467
LAST_MEAS_OBS_Y = 16.629336329257104
