# Template file for configuration of individual fiber positioner unit.

# ID
POS_ID = 'M00240'
CAN_ID = 69
DEVICE_ID = -1
PETAL_ID = -1

# STATE
POS_T = -11.734719451406844
POS_P = 40.588616289457079
GENERAL_SETTINGS_FILE = '_genl_settings_DEFAULT.conf'

# CALIBRATION
LENGTH_R1 = 3.1083728383752756
LENGTH_R2 = 3.0350111025695927
OFFSET_T = -7.4877494583950774
OFFSET_P = -1.9810175357164326
GEAR_CALIB_T = 1.0
GEAR_CALIB_P = 1.0
GEAR_TYPE_T = 'namiki'
GEAR_TYPE_P = 'namiki'
OFFSET_X = 44.927157767916484
OFFSET_Y = 48.525086805786586
PHYSICAL_RANGE_T = 393.21086063120867
PHYSICAL_RANGE_P = 188.16196233253552
MOTOR_CCW_DIR_T = -1
MOTOR_CCW_DIR_P = -1
MOTOR_ID_T = 1
MOTOR_ID_P = 0

# HISTORY
TOTAL_MOVE_SEQUENCES = 3698
TOTAL_CRUISE_MOVES_T = 936
TOTAL_CRUISE_MOVES_P = 919
TOTAL_CREEP_MOVES_T = 10060
TOTAL_CREEP_MOVES_P = 10077
TOTAL_LIMIT_SEEKS_T = 48
TOTAL_LIMIT_SEEKS_P = 59
LAST_PRIMARY_HARDSTOP_DIR_T = -1.0
LAST_PRIMARY_HARDSTOP_DIR_P = 1.0
LAST_MOVE_CMD = 'dXdY; (auto backlash backup); (auto final creep)'
LAST_MOVE_VAL1 = '-0.000585597; 3; -3'
LAST_MOVE_VAL2 = '0.00155131; -3; 3.00018'
LAST_MEAS_OBS_X = 50.72713041905578
LAST_MEAS_OBS_Y = 48.52604516525598
