# Template file for configuration of individual fiber positioner unit.

# ID
POS_ID = 'M00038'
CAN_ID = 83
DEVICE_ID = -1
PETAL_ID = -1

# STATE
POS_T = -109.31838180247942
POS_P = 101.19178437492248
GENERAL_SETTINGS_FILE = '_genl_settings_DEFAULT.conf'

# CALIBRATION
LENGTH_R1 = 2.9748993722752282
LENGTH_R2 = 3.0280462838113715
OFFSET_T = -70.679635184156581
OFFSET_P = 2.4966750032630518
GEAR_CALIB_T = 1.0
GEAR_CALIB_P = 1.0
GEAR_TYPE_T = 'namiki'
GEAR_TYPE_P = 'namiki'
OFFSET_X = 41.039223364658426
OFFSET_Y = 46.537629072361625
PHYSICAL_RANGE_T = 394.1912337284183
PHYSICAL_RANGE_P = 185.03114234154796
MOTOR_CCW_DIR_T = -1
MOTOR_CCW_DIR_P = -1
MOTOR_ID_T = 1
MOTOR_ID_P = 0

# HISTORY
TOTAL_MOVE_SEQUENCES = 17683
TOTAL_CRUISE_MOVES_T = 5056
TOTAL_CRUISE_MOVES_P = 5123
TOTAL_CREEP_MOVES_T = 47920
TOTAL_CREEP_MOVES_P = 47853
TOTAL_LIMIT_SEEKS_T = 64
TOTAL_LIMIT_SEEKS_P = 75
LAST_PRIMARY_HARDSTOP_DIR_T = -1.0
LAST_PRIMARY_HARDSTOP_DIR_P = 1.0
LAST_MOVE_CMD = 'dXdY; (auto backlash backup); (auto final creep)'
LAST_MOVE_VAL1 = '0.326381; 3; -3.00256'
LAST_MOVE_VAL2 = '-0.357495; -3; 3.00006'
LAST_MEAS_OBS_X = 38.12822703817057
LAST_MEAS_OBS_Y = 44.310509035621614
