# Settings file for fiber positioner unit: UM00012

POS_ID = 'UM00012'
CAN_ID = 12
DEVICE_ID = -1
PETAL_ID = -1

# STATE
POS_T = -152.37120955552436
POS_P = 32.07827526112068
GENERAL_SETTINGS_FILE = '_genl_settings_DEFAULT.conf'

# CALIBRATION
LENGTH_R1 = 3.0606598756827155
LENGTH_R2 = 2.9919494893500245
OFFSET_T = 135.93247279089508
OFFSET_P = 1.0592411817949028
GEAR_CALIB_T = 1.0
GEAR_CALIB_P = 1.0
GEAR_TYPE_T = 'namiki'
GEAR_TYPE_P = 'namiki'
OFFSET_X = 53.220852025874841
OFFSET_Y = 20.539710067264693
PHYSICAL_RANGE_T = 385.31570059253022
PHYSICAL_RANGE_P = 186.32133390885122
MOTOR_CCW_DIR_T = 1
MOTOR_CCW_DIR_P = 1
MOTOR_ID_T = 1
MOTOR_ID_P = 0

# HISTORY
TOTAL_MOVE_SEQUENCES = 2351
TOTAL_CRUISE_MOVES_T = 1331
TOTAL_CRUISE_MOVES_P = 1401
TOTAL_CREEP_MOVES_T = 5529
TOTAL_CREEP_MOVES_P = 5459
TOTAL_LIMIT_SEEKS_T = 274
TOTAL_LIMIT_SEEKS_P = 284
LAST_PRIMARY_HARDSTOP_DIR_T = -1.0
LAST_PRIMARY_HARDSTOP_DIR_P = 1.0
LAST_MOVE_CMD = 'dXdY; (auto backlash backup); (auto final creep)'
LAST_MOVE_VAL1 = '-0.000240419; 3; -3.00014'
LAST_MOVE_VAL2 = '0.001307; -3; 3.00013'
LAST_MEAS_OBS_X = 59.02103758986875
LAST_MEAS_OBS_Y = 20.539341905166317
