# Settings file for fiber positioner unit: UM00012

POS_ID = 'UM00012'
CAN_ID = 12
DEVICE_ID = -1
PETAL_ID = -1

# STATE
POS_T = 159.18199816869969
POS_P = 40.827295654760789
GENERAL_SETTINGS_FILE = '_genl_settings_DEFAULT.conf'

# CALIBRATION
LENGTH_R1 = 3.0605657595278584
LENGTH_R2 = 2.9941124145233808
OFFSET_T = 135.68519613447623
OFFSET_P = 1.130609641604309
GEAR_CALIB_T = 1.0000463932115418
GEAR_CALIB_P = 0.9960357521614691
GEAR_TYPE_T = 'namiki'
GEAR_TYPE_P = 'namiki'
OFFSET_X = 52.950204688333542
OFFSET_Y = 20.477849489500954
PHYSICAL_RANGE_T = 380.8567261368543
PHYSICAL_RANGE_P = 186.42005551673276
MOTOR_CCW_DIR_T = 1
MOTOR_CCW_DIR_P = 1
MOTOR_ID_T = 1
MOTOR_ID_P = 0

# HISTORY
TOTAL_MOVE_SEQUENCES = 1375
TOTAL_CRUISE_MOVES_T = 916
TOTAL_CRUISE_MOVES_P = 900
TOTAL_CREEP_MOVES_T = 3098
TOTAL_CREEP_MOVES_P = 3114
TOTAL_LIMIT_SEEKS_T = 214
TOTAL_LIMIT_SEEKS_P = 216
LAST_PRIMARY_HARDSTOP_DIR_T = -1.0
LAST_PRIMARY_HARDSTOP_DIR_P = 1.0
LAST_MOVE_CMD = 'dXdY; (auto backlash backup); (auto final creep)'
LAST_MOVE_VAL1 = '-0.00138662; 3; -3.00006'
LAST_MOVE_VAL2 = '0.000268088; -3; 3.00025'
LAST_MEAS_OBS_X = 56.95012970711773
LAST_MEAS_OBS_Y = 16.47908498185176
