# Template file for configuration of individual fiber positioner unit.

# ID
POS_ID = 'M00069'
CAN_ID = 69
DEVICE_ID = -1
PETAL_ID = -1

# STATE
POS_T = 151.3885115403119
POS_P = 96.876292469135734
GENERAL_SETTINGS_FILE = '_genl_settings_DEFAULT.conf'

# CALIBRATION
LENGTH_R1 = 2.8767170747116388
LENGTH_R2 = 3.0264379386925619
OFFSET_T = -96.388077066758825
OFFSET_P = -13.217469953345159
GEAR_CALIB_T = 1.0
GEAR_CALIB_P = 1.0
GEAR_TYPE_T = 'namiki'
GEAR_TYPE_P = 'namiki'
OFFSET_X = 53.964639978666483
OFFSET_Y = 73.613657243639494
PHYSICAL_RANGE_T = 393.23362086999396
PHYSICAL_RANGE_P = 190.0
MOTOR_CCW_DIR_T = -1
MOTOR_CCW_DIR_P = -1
MOTOR_ID_T = 1
MOTOR_ID_P = 0

# HISTORY
TOTAL_MOVE_SEQUENCES = 3008
TOTAL_CRUISE_MOVES_T = 1281
TOTAL_CRUISE_MOVES_P = 1154
TOTAL_CREEP_MOVES_T = 7665
TOTAL_CREEP_MOVES_P = 7792
TOTAL_LIMIT_SEEKS_T = 46
TOTAL_LIMIT_SEEKS_P = 55
LAST_PRIMARY_HARDSTOP_DIR_T = -1.0
LAST_PRIMARY_HARDSTOP_DIR_P = 1.0
LAST_MOVE_CMD = 'obsXY; (auto backlash backup); (auto final creep)'
LAST_MOVE_VAL1 = '53.3424; 3; -2.99574'
LAST_MOVE_VAL2 = '77.9692; -3; 2.9997'
LAST_MEAS_OBS_X = 53.343245653359865
LAST_MEAS_OBS_Y = 76.7258478057542
