# Template file for configuration of individual fiber positioner unit.

# ID
POS_ID = 'M00264'
CAN_ID = 286
DEVICE_ID = -1
PETAL_ID = -1

# STATE
POS_T = -26.685046848146506
POS_P = 35.46612296296292
GENERAL_SETTINGS_FILE = '_genl_settings_DEFAULT.conf'

# CALIBRATION
LENGTH_R1 = 3.0426682744858624
LENGTH_R2 = 2.9497808258782356
OFFSET_T = 12.149617276596851
OFFSET_P = -5.7517881863720106
GEAR_CALIB_T = 1.0
GEAR_CALIB_P = 1.0
GEAR_TYPE_T = 'namiki'
GEAR_TYPE_P = 'namiki'
OFFSET_X = 67.947103812777783
OFFSET_Y = 32.043256194357916
PHYSICAL_RANGE_T = 392.79429591851493
PHYSICAL_RANGE_P = 190.0
MOTOR_CCW_DIR_T = -1
MOTOR_CCW_DIR_P = -1
MOTOR_ID_T = 1
MOTOR_ID_P = 0

# HISTORY
TOTAL_MOVE_SEQUENCES = 3374
TOTAL_CRUISE_MOVES_T = 826
TOTAL_CRUISE_MOVES_P = 840
TOTAL_CREEP_MOVES_T = 9215
TOTAL_CREEP_MOVES_P = 9201
TOTAL_LIMIT_SEEKS_T = 40
TOTAL_LIMIT_SEEKS_P = 49
LAST_PRIMARY_HARDSTOP_DIR_T = -1.0
LAST_PRIMARY_HARDSTOP_DIR_P = 1.0
LAST_MOVE_CMD = 'dXdY; (auto backlash backup); (auto final creep)'
LAST_MOVE_VAL1 = '-0.000100171; 3; -3.00004'
LAST_MOVE_VAL2 = '0.00443029; -3; 3.00005'
LAST_MEAS_OBS_X = 73.74721371268646
LAST_MEAS_OBS_Y = 32.04386644047449
