# Template file for configuration of individual fiber positioner unit.

# ID
POS_ID = 'M00380'
CAN_ID = 380
DEVICE_ID = -1
PETAL_ID = -1

# STATE
POS_T = 23.2491651780634
POS_P = 55.50003164816377
GENERAL_SETTINGS_FILE = '_genl_settings_DEFAULT.conf'

# CALIBRATION
LENGTH_R1 = 2.9653114213070997
LENGTH_R2 = 3.030272322553007
OFFSET_T = -14.598670071817033
OFFSET_P = -2.4786132663653122
GEAR_CALIB_T = 1.0
GEAR_CALIB_P = 1.0
GEAR_TYPE_T = 'namiki'
GEAR_TYPE_P = 'namiki'
OFFSET_X = 27.117493343923798
OFFSET_Y = 10.333128815809584
PHYSICAL_RANGE_T = 395.24700643399763
PHYSICAL_RANGE_P = 186.37268479238384
MOTOR_CCW_DIR_T = -1
MOTOR_CCW_DIR_P = -1
MOTOR_ID_T = 1
MOTOR_ID_P = 0

# HISTORY
TOTAL_MOVE_SEQUENCES = 45876
TOTAL_CRUISE_MOVES_T = 9060
TOTAL_CRUISE_MOVES_P = 9125
TOTAL_CREEP_MOVES_T = 128259
TOTAL_CREEP_MOVES_P = 128194
TOTAL_LIMIT_SEEKS_T = 184
TOTAL_LIMIT_SEEKS_P = 220
LAST_PRIMARY_HARDSTOP_DIR_T = -1.0
LAST_PRIMARY_HARDSTOP_DIR_P = 1.0
LAST_MOVE_CMD = 'dXdY; (auto backlash backup); (auto final creep)'
LAST_MOVE_VAL1 = '7.18005e-05; 3; -3.00011'
LAST_MOVE_VAL2 = '-0.000277725; -3; 3.00002'
LAST_MEAS_OBS_X = 31.4726914279248
LAST_MEAS_OBS_Y = 13.44196616526449
