# Template file for configuration of individual fiber positioner unit.

# ID
POS_ID = 'M00032'
CAN_ID = 323
DEVICE_ID = -1
PETAL_ID = -1

# STATE
POS_T = 70.733242376113608
POS_P = 43.093892469135781
GENERAL_SETTINGS_FILE = '_genl_settings_DEFAULT.conf'

# CALIBRATION
LENGTH_R1 = 3.0476558281249049
LENGTH_R2 = 3.0817665267138814
OFFSET_T = -89.939360020340075
OFFSET_P = -4.6135117650903226
GEAR_CALIB_T = 1.0
GEAR_CALIB_P = 1.0
GEAR_TYPE_T = 'namiki'
GEAR_TYPE_P = 'namiki'
OFFSET_X = 47.118524371983433
OFFSET_Y = 42.536076606334085
PHYSICAL_RANGE_T = 392.29406463048889
PHYSICAL_RANGE_P = 190.0
MOTOR_CCW_DIR_T = -1
MOTOR_CCW_DIR_P = -1
MOTOR_ID_T = 1
MOTOR_ID_P = 0

# HISTORY
TOTAL_MOVE_SEQUENCES = 2153
TOTAL_CRUISE_MOVES_T = 403
TOTAL_CRUISE_MOVES_P = 407
TOTAL_CREEP_MOVES_T = 6046
TOTAL_CREEP_MOVES_P = 6042
TOTAL_LIMIT_SEEKS_T = 5
TOTAL_LIMIT_SEEKS_P = 6
LAST_PRIMARY_HARDSTOP_DIR_T = -1.0
LAST_PRIMARY_HARDSTOP_DIR_P = 1.0
LAST_MOVE_CMD = 'dXdY; (auto backlash backup); (auto final creep)'
LAST_MOVE_VAL1 = '-0.000180331; 3; -3.00003'
LAST_MOVE_VAL2 = '0.000162282; -3; 3.0002'
LAST_MEAS_OBS_X = 52.91837872385821
LAST_MEAS_OBS_Y = 42.538015526813076
