# Configuration file for unit M00407.

#ID
POS_ID = 'M00407'
CAN_ID = 66
DEVICE_ID = -1
PETAL_ID = -1

# STATE
POS_T = 180.00011949305843
POS_P = -2.9999719753087106
GENERAL_SETTINGS_FILE = '_genl_settings_DEFAULT.conf'

# CALIBRATION
LENGTH_R1 = 3.0301520105366841
LENGTH_R2 = 3.0546895802498182
OFFSET_T = -26.057468348196451
OFFSET_P = -3.2865676614307802
GEAR_CALIB_T = 1.0
GEAR_CALIB_P = 1.0
GEAR_TYPE_T = 'namiki'
GEAR_TYPE_P = 'namiki'
OFFSET_X = 44.996156579729039
OFFSET_Y = 47.802737984066006
PHYSICAL_RANGE_T = 394.92264521141402
PHYSICAL_RANGE_P = 190.0
MOTOR_CCW_DIR_T = -1
MOTOR_CCW_DIR_P = -1
MOTOR_ID_T = 1
MOTOR_ID_P = 0

# HISTORY
TOTAL_MOVE_SEQUENCES = 952
TOTAL_CRUISE_MOVES_T = 415
TOTAL_CRUISE_MOVES_P = 339
TOTAL_CREEP_MOVES_T = 2379
TOTAL_CREEP_MOVES_P = 2455
TOTAL_LIMIT_SEEKS_T = 37
TOTAL_LIMIT_SEEKS_P = 44
LAST_PRIMARY_HARDSTOP_DIR_T = -1.0
LAST_PRIMARY_HARDSTOP_DIR_P = 1.0
LAST_MOVE_CMD = 'posTP; (auto backlash backup); (auto final creep)'
LAST_MOVE_VAL1 = '180; 3; -3.00048'
LAST_MOVE_VAL2 = '-3; -3; -4.1007'
LAST_MEAS_OBS_X = 50.795719884230486
LAST_MEAS_OBS_Y = 47.802780626011995
