# Template file for configuration of individual fiber positioner unit.

# ID
POS_ID = 'M00184'
CAN_ID = 331
DEVICE_ID = -1
PETAL_ID = -1

# STATE
POS_T = 18.902764538709832
POS_P = 40.083453456790103
GENERAL_SETTINGS_FILE = '_genl_settings_DEFAULT.conf'

# CALIBRATION
LENGTH_R1 = 3.0257513710380519
LENGTH_R2 = 3.1175064300973419
OFFSET_T = -38.380666585437311
OFFSET_P = -1.4628397667275692
GEAR_CALIB_T = 1.0
GEAR_CALIB_P = 1.0
GEAR_TYPE_T = 'namiki'
GEAR_TYPE_P = 'namiki'
OFFSET_X = 22.490458774727696
OFFSET_Y = 25.755660636165004
PHYSICAL_RANGE_T = 393.22838351517345
PHYSICAL_RANGE_P = 190.0
MOTOR_CCW_DIR_T = -1
MOTOR_CCW_DIR_P = -1
MOTOR_ID_T = 1
MOTOR_ID_P = 0

# HISTORY
TOTAL_MOVE_SEQUENCES = 2192
TOTAL_CRUISE_MOVES_T = 438
TOTAL_CRUISE_MOVES_P = 423
TOTAL_CREEP_MOVES_T = 6120
TOTAL_CREEP_MOVES_P = 6135
TOTAL_LIMIT_SEEKS_T = 8
TOTAL_LIMIT_SEEKS_P = 10
LAST_PRIMARY_HARDSTOP_DIR_T = -1.0
LAST_PRIMARY_HARDSTOP_DIR_P = 1.0
LAST_MOVE_CMD = 'dXdY; (auto backlash backup); (auto final creep)'
LAST_MOVE_VAL1 = '-2.3719e-05; 3; -3.00007'
LAST_MOVE_VAL2 = '0.000783415; -3; 3.00012'
LAST_MEAS_OBS_X = 28.29098851986653
LAST_MEAS_OBS_Y = 25.7544701442083
