# Template file for configuration of individual fiber positioner unit.

# ID
POS_ID = 'M00066'
CAN_ID = 397
DEVICE_ID = -1
PETAL_ID = -1

# STATE
POS_T = 37.981433282081852
POS_P = 25.713913086420046
GENERAL_SETTINGS_FILE = '_genl_settings_DEFAULT.conf'

# CALIBRATION
LENGTH_R1 = 2.8607199149218516
LENGTH_R2 = 3.0321824842148608
OFFSET_T = -49.603423036843864
OFFSET_P = -4.8182199086363937
GEAR_CALIB_T = 1.0
GEAR_CALIB_P = 1.0
GEAR_TYPE_T = 'namiki'
GEAR_TYPE_P = 'namiki'
OFFSET_X = 67.164667045155895
OFFSET_Y = 26.016392591451496
PHYSICAL_RANGE_T = 392.90902750991165
PHYSICAL_RANGE_P = 190.0
MOTOR_CCW_DIR_T = -1
MOTOR_CCW_DIR_P = 1
MOTOR_ID_T = 1
MOTOR_ID_P = 0

# HISTORY
TOTAL_MOVE_SEQUENCES = 4357
TOTAL_CRUISE_MOVES_T = 868
TOTAL_CRUISE_MOVES_P = 872
TOTAL_CREEP_MOVES_T = 12176
TOTAL_CREEP_MOVES_P = 12172
TOTAL_LIMIT_SEEKS_T = 12
TOTAL_LIMIT_SEEKS_P = 15
LAST_PRIMARY_HARDSTOP_DIR_T = -1.0
LAST_PRIMARY_HARDSTOP_DIR_P = 1.0
LAST_MOVE_CMD = 'dXdY; (auto backlash backup); (auto final creep)'
LAST_MOVE_VAL1 = '-0.000224541; 3; -3.00016'
LAST_MOVE_VAL2 = '0.00179322; -3; 3.00014'
LAST_MEAS_OBS_X = 72.96462454221616
LAST_MEAS_OBS_Y = 26.017287955497014
