# Template file for configuration of individual fiber positioner unit.

# ID
POS_ID = 'M00254'
CAN_ID = 261
DEVICE_ID = -1
PETAL_ID = -1

# STATE
POS_T = -152.1812114635448
POS_P = 41.628096790123472
GENERAL_SETTINGS_FILE = '_genl_settings_DEFAULT.conf'

# CALIBRATION
LENGTH_R1 = 3.0698925581759782
LENGTH_R2 = 3.0399328519224942
OFFSET_T = 128.36305973106718
OFFSET_P = -4.5601908401946574
GEAR_CALIB_T = 1.0
GEAR_CALIB_P = 1.0
GEAR_TYPE_T = 'namiki'
GEAR_TYPE_P = 'namiki'
OFFSET_X = 37.965809774575675
OFFSET_Y = 32.316977784796514
PHYSICAL_RANGE_T = 393.93204391474387
PHYSICAL_RANGE_P = 190.0
MOTOR_CCW_DIR_T = -1
MOTOR_CCW_DIR_P = -1
MOTOR_ID_T = 1
MOTOR_ID_P = 0

# HISTORY
TOTAL_MOVE_SEQUENCES = 3691
TOTAL_CRUISE_MOVES_T = 1004
TOTAL_CRUISE_MOVES_P = 953
TOTAL_CREEP_MOVES_T = 9972
TOTAL_CREEP_MOVES_P = 10023
TOTAL_LIMIT_SEEKS_T = 47
TOTAL_LIMIT_SEEKS_P = 58
LAST_PRIMARY_HARDSTOP_DIR_T = -1.0
LAST_PRIMARY_HARDSTOP_DIR_P = 1.0
LAST_MOVE_CMD = 'dXdY; (auto backlash backup); (auto final creep)'
LAST_MOVE_VAL1 = '-0.00204458; 3; -3.00006'
LAST_MOVE_VAL2 = '0.00971047; -3; 3.00014'
LAST_MEAS_OBS_X = 43.765254300674385
LAST_MEAS_OBS_Y = 32.315088149097555
