# Configuration file for unit M00383.

#ID
POS_ID = 'M00383'
CAN_ID = 383
DEVICE_ID = -1
PETAL_ID = -1

# STATE
POS_T = -174.99993114741142
POS_P = -3.0001243713519017
GENERAL_SETTINGS_FILE = '_genl_settings_DEFAULT.conf'

# CALIBRATION
LENGTH_R1 = 3.0253603646950866
LENGTH_R2 = 3.124183711764803
OFFSET_T = 48.185109356765501
OFFSET_P = 16.870726731407885
GEAR_CALIB_T = 1.0
GEAR_CALIB_P = 1.0
GEAR_TYPE_T = 'namiki'
GEAR_TYPE_P = 'namiki'
OFFSET_X = 43.616900138330614
OFFSET_Y = 32.175838081631483
PHYSICAL_RANGE_T = 396.58328352939088
PHYSICAL_RANGE_P = 169.28280004889001
MOTOR_CCW_DIR_T = -1
MOTOR_CCW_DIR_P = -1
MOTOR_ID_T = 1
MOTOR_ID_P = 0

# HISTORY
TOTAL_MOVE_SEQUENCES = 7612
TOTAL_CRUISE_MOVES_T = 2794
TOTAL_CRUISE_MOVES_P = 3003
TOTAL_CREEP_MOVES_T = 19909
TOTAL_CREEP_MOVES_P = 19700
TOTAL_LIMIT_SEEKS_T = 68
TOTAL_LIMIT_SEEKS_P = 83
LAST_PRIMARY_HARDSTOP_DIR_T = -1.0
LAST_PRIMARY_HARDSTOP_DIR_P = 1.0
LAST_MOVE_CMD = 'posTP; (auto backlash backup); (auto final creep)'
LAST_MOVE_VAL1 = '185; 3; -3.0028'
LAST_MOVE_VAL2 = '-3; -3; -4.3113'
LAST_MEAS_OBS_X = 49.447620883343475
LAST_MEAS_OBS_Y = 32.117308997744644
