# Configuration file for unit M00356.

#ID
POS_ID = 'M00356'
CAN_ID = 178
DEVICE_ID = -1
PETAL_ID = -1

# STATE
POS_T = 72.378081454808608
POS_P = 44.030282469135678
GENERAL_SETTINGS_FILE = '_genl_settings_DEFAULT.conf'

# CALIBRATION
LENGTH_R1 = 3.0130623216667929
LENGTH_R2 = 3.1044987356273146
OFFSET_T = -91.370792179672577
OFFSET_P = -6.4678971966803118
GEAR_CALIB_T = 1.0
GEAR_CALIB_P = 1.0
GEAR_TYPE_T = 'namiki'
GEAR_TYPE_P = 'namiki'
OFFSET_X = 75.543435850370685
OFFSET_Y = 16.621145769141719
PHYSICAL_RANGE_T = 390.9844704237164
PHYSICAL_RANGE_P = 190.0
MOTOR_CCW_DIR_T = -1
MOTOR_CCW_DIR_P = -1
MOTOR_ID_T = 1
MOTOR_ID_P = 0

# HISTORY
TOTAL_MOVE_SEQUENCES = 3477
TOTAL_CRUISE_MOVES_T = 927
TOTAL_CRUISE_MOVES_P = 897
TOTAL_CREEP_MOVES_T = 9387
TOTAL_CREEP_MOVES_P = 9417
TOTAL_LIMIT_SEEKS_T = 60
TOTAL_LIMIT_SEEKS_P = 70
LAST_PRIMARY_HARDSTOP_DIR_T = -1.0
LAST_PRIMARY_HARDSTOP_DIR_P = 1.0
LAST_MOVE_CMD = 'dXdY; (auto backlash backup); (auto final creep)'
LAST_MOVE_VAL1 = '-0.000466323; 3; -2.99998'
LAST_MOVE_VAL2 = '-9.46504e-05; -3; 2.99995'
LAST_MEAS_OBS_X = 81.34425215859858
LAST_MEAS_OBS_Y = 16.620565148045994
