# Configuration file for unit M00386.

#ID
POS_ID = 'M00386'
CAN_ID = 348
DEVICE_ID = -1
PETAL_ID = -1

# STATE
POS_T = -162.57422662309611
POS_P = 38.468262222222272
GENERAL_SETTINGS_FILE = '_genl_settings_DEFAULT.conf'

# CALIBRATION
LENGTH_R1 = 2.9087809456210314
LENGTH_R2 = 3.0846325518906692
OFFSET_T = 147.34193791231056
OFFSET_P = -8.6798147272327029
GEAR_CALIB_T = 1.0
GEAR_CALIB_P = 1.0
GEAR_TYPE_T = 'namiki'
GEAR_TYPE_P = 'namiki'
OFFSET_X = 45.606787420714632
OFFSET_Y = 16.071673632901913
PHYSICAL_RANGE_T = 393.87976559187143
PHYSICAL_RANGE_P = 190.0
MOTOR_CCW_DIR_T = -1
MOTOR_CCW_DIR_P = -1
MOTOR_ID_T = 1
MOTOR_ID_P = 0

# HISTORY
TOTAL_MOVE_SEQUENCES = 3805
TOTAL_CRUISE_MOVES_T = 1128
TOTAL_CRUISE_MOVES_P = 1099
TOTAL_CREEP_MOVES_T = 10154
TOTAL_CREEP_MOVES_P = 10183
TOTAL_LIMIT_SEEKS_T = 68
TOTAL_LIMIT_SEEKS_P = 80
LAST_PRIMARY_HARDSTOP_DIR_T = -1.0
LAST_PRIMARY_HARDSTOP_DIR_P = 1.0
LAST_MOVE_CMD = 'dXdY; (auto backlash backup); (auto final creep)'
LAST_MOVE_VAL1 = '-0.000511751; 3; -3.00008'
LAST_MOVE_VAL2 = '-0.00231151; -3; 3.00002'
LAST_MEAS_OBS_X = 51.40680732835527
LAST_MEAS_OBS_Y = 16.07169849192145
