# Template file for configuration of individual fiber positioner unit.

# ID
POS_ID = 'M00017'
CAN_ID = 77
DEVICE_ID = -1
PETAL_ID = -1

# STATE
POS_T = 33.131668151817976
POS_P = 19.805053450416253
GENERAL_SETTINGS_FILE = '_genl_settings_DEFAULT.conf'

# CALIBRATION
LENGTH_R1 = 2.9424927147872846
LENGTH_R2 = 2.9493352167734339
OFFSET_T = -43.329264689186196
OFFSET_P = 1.1526533374504595
GEAR_CALIB_T = 1.0
GEAR_CALIB_P = 1.0
GEAR_TYPE_T = 'namiki'
GEAR_TYPE_P = 'namiki'
OFFSET_X = 53.110510943200538
OFFSET_Y = 26.021010198091712
PHYSICAL_RANGE_T = 393.88373875809248
PHYSICAL_RANGE_P = 186.52407556408156
MOTOR_CCW_DIR_T = -1
MOTOR_CCW_DIR_P = -1
MOTOR_ID_T = 1
MOTOR_ID_P = 0

# HISTORY
TOTAL_MOVE_SEQUENCES = 4296
TOTAL_CRUISE_MOVES_T = 824
TOTAL_CRUISE_MOVES_P = 851
TOTAL_CREEP_MOVES_T = 12046
TOTAL_CREEP_MOVES_P = 12019
TOTAL_LIMIT_SEEKS_T = 8
TOTAL_LIMIT_SEEKS_P = 10
LAST_PRIMARY_HARDSTOP_DIR_T = -1.0
LAST_PRIMARY_HARDSTOP_DIR_P = 1.0
LAST_MOVE_CMD = 'dXdY; (auto backlash backup); (auto final creep)'
LAST_MOVE_VAL1 = '-0.000188928; 3; -3.00018'
LAST_MOVE_VAL2 = '-0.00140742; -3; 3.00002'
LAST_MEAS_OBS_X = 58.91034236409205
LAST_MEAS_OBS_Y = 26.02121002210393
