# Settings file for unit: M00437

POS_ID = 'M00437'
CAN_ID = 437
DEVICE_ID = -1
PETAL_ID = -1

# STATE
POS_T = 147.13945660292228
POS_P = 109.17533032990917
GENERAL_SETTINGS_FILE = '_genl_settings_DEFAULT.conf'

# CALIBRATION
LENGTH_R1 = 2.837478404630692
LENGTH_R2 = 3.0760282515845923
OFFSET_T = -53.960659531740127
OFFSET_P = -4.7751556284876635
GEAR_CALIB_T = 1.0
GEAR_CALIB_P = 1.0
GEAR_TYPE_T = 'namiki'
GEAR_TYPE_P = 'namiki'
OFFSET_X = 45.187624420437693
OFFSET_Y = 31.372608170043186
PHYSICAL_RANGE_T = 393.53157469539059
PHYSICAL_RANGE_P = 185.46626420654266
MOTOR_CCW_DIR_T = -1
MOTOR_CCW_DIR_P = -1
MOTOR_ID_T = 1
MOTOR_ID_P = 0

# HISTORY
TOTAL_MOVE_SEQUENCES = 970
TOTAL_CRUISE_MOVES_T = 577
TOTAL_CRUISE_MOVES_P = 578
TOTAL_CREEP_MOVES_T = 2279
TOTAL_CREEP_MOVES_P = 2278
TOTAL_LIMIT_SEEKS_T = 44
TOTAL_LIMIT_SEEKS_P = 52
LAST_PRIMARY_HARDSTOP_DIR_T = -1.0
LAST_PRIMARY_HARDSTOP_DIR_P = 1.0
LAST_MOVE_CMD = 'dXdY; (auto backlash backup); (auto final creep)'
LAST_MOVE_VAL1 = '-4.55493e-05; 3; -2.99996'
LAST_MOVE_VAL2 = '-1.35337e-05; -3; 3.00017'
LAST_MEAS_OBS_X = 42.076558858652035
LAST_MEAS_OBS_Y = 33.239288370359944
