# Settings file for fiber positioner unit: UM00012

POS_ID = 'UM00012'
CAN_ID = 12
DEVICE_ID = -1
PETAL_ID = -1

# STATE
POS_T = -136.40462232672493
POS_P = 181.33149635981479
GENERAL_SETTINGS_FILE = '_genl_settings_DEFAULT.conf'

# CALIBRATION
LENGTH_R1 = 2.9908248255459182
LENGTH_R2 = 2.9143199980508689
OFFSET_T = 137.0681830255096
OFFSET_P = 1.1714120534501546
GEAR_CALIB_T = 1.0
GEAR_CALIB_P = 1.0
GEAR_TYPE_T = 'namiki'
GEAR_TYPE_P = 'namiki'
OFFSET_X = 52.535802855956931
OFFSET_Y = 29.168220074519702
PHYSICAL_RANGE_T = 382.68717576456118
PHYSICAL_RANGE_P = 186.19343066647963
MOTOR_CCW_DIR_T = 1
MOTOR_CCW_DIR_P = 1
MOTOR_ID_T = 1
MOTOR_ID_P = 0

# HISTORY
TOTAL_MOVE_SEQUENCES = 950
TOTAL_CRUISE_MOVES_T = 717
TOTAL_CRUISE_MOVES_P = 666
TOTAL_CREEP_MOVES_T = 2080
TOTAL_CREEP_MOVES_P = 2131
TOTAL_LIMIT_SEEKS_T = 179
TOTAL_LIMIT_SEEKS_P = 177
LAST_PRIMARY_HARDSTOP_DIR_T = -1.0
LAST_PRIMARY_HARDSTOP_DIR_P = 1.0
LAST_MOVE_CMD = 'posTP; (auto backlash backup); (auto final creep)'
LAST_MOVE_VAL1 = '-136.404; 0; 0.000133456'
LAST_MOVE_VAL2 = '181.331; -3; 3.00362'
LAST_MEAS_OBS_X = 52.61851948172094
LAST_MEAS_OBS_Y = 28.98492169477649
