# Configuration file for unit M00356.

#ID
POS_ID = 'M00356'
CAN_ID = 178
DEVICE_ID = -1
PETAL_ID = -1

# STATE
POS_T = 71.234045656413386
POS_P = 44.090159259259153
GENERAL_SETTINGS_FILE = '_genl_settings_DEFAULT.conf'

# CALIBRATION
LENGTH_R1 = 3.014688136215772
LENGTH_R2 = 3.1044375993783344
OFFSET_T = -90.151931584255578
OFFSET_P = -6.5875266266432391
GEAR_CALIB_T = 1.0
GEAR_CALIB_P = 1.0
GEAR_TYPE_T = 'namiki'
GEAR_TYPE_P = 'namiki'
OFFSET_X = 75.546039727487013
OFFSET_Y = 16.619667241558798
PHYSICAL_RANGE_T = 391.00196671186472
PHYSICAL_RANGE_P = 190.0
MOTOR_CCW_DIR_T = -1
MOTOR_CCW_DIR_P = -1
MOTOR_ID_T = 1
MOTOR_ID_P = 0

# HISTORY
TOTAL_MOVE_SEQUENCES = 4297
TOTAL_CRUISE_MOVES_T = 1198
TOTAL_CRUISE_MOVES_P = 1167
TOTAL_CREEP_MOVES_T = 11531
TOTAL_CREEP_MOVES_P = 11562
TOTAL_LIMIT_SEEKS_T = 80
TOTAL_LIMIT_SEEKS_P = 95
LAST_PRIMARY_HARDSTOP_DIR_T = -1.0
LAST_PRIMARY_HARDSTOP_DIR_P = 1.0
LAST_MOVE_CMD = 'dXdY; (auto backlash backup); (auto final creep)'
LAST_MOVE_VAL1 = '0.000338216; 3; -3'
LAST_MOVE_VAL2 = '-0.000492237; -3; 2.99999'
LAST_MEAS_OBS_X = 81.34606459994117
LAST_MEAS_OBS_Y = 16.619987645201793
