# Template file for configuration of individual fiber positioner unit.

# ID
POS_ID = 'M00055'
CAN_ID = 74
DEVICE_ID = -1
PETAL_ID = -1

# STATE
POS_T = 164.26984795963949
POS_P = 50.275967762484136
GENERAL_SETTINGS_FILE = '_genl_settings_DEFAULT.conf'

# CALIBRATION
LENGTH_R1 = 3.0087224330363527
LENGTH_R2 = 2.9800659560141112
OFFSET_T = -172.7153146463601
OFFSET_P = 4.2852090532422036
GEAR_CALIB_T = 1.0
GEAR_CALIB_P = 1.0
GEAR_TYPE_T = 'namiki'
GEAR_TYPE_P = 'namiki'
OFFSET_X = 44.108713322481734
OFFSET_Y = 11.021475878194064
PHYSICAL_RANGE_T = 393.38455568566008
PHYSICAL_RANGE_P = 183.06569658013717
MOTOR_CCW_DIR_T = -1
MOTOR_CCW_DIR_P = -1
MOTOR_ID_T = 1
MOTOR_ID_P = 0

# HISTORY
TOTAL_MOVE_SEQUENCES = 9164
TOTAL_CRUISE_MOVES_T = 3118
TOTAL_CRUISE_MOVES_P = 3432
TOTAL_CREEP_MOVES_T = 24220
TOTAL_CREEP_MOVES_P = 23906
TOTAL_LIMIT_SEEKS_T = 132
TOTAL_LIMIT_SEEKS_P = 154
LAST_PRIMARY_HARDSTOP_DIR_T = -1.0
LAST_PRIMARY_HARDSTOP_DIR_P = 1.0
LAST_MOVE_CMD = 'dXdY; (auto backlash backup); (auto final creep)'
LAST_MOVE_VAL1 = '0.0191885; 3; -3.00006'
LAST_MOVE_VAL2 = '0.0497171; -3; 3.00008'
LAST_MEAS_OBS_X = 48.44942181427031
LAST_MEAS_OBS_Y = 14.133339299654619
