# Settings file for unit: M00067

POS_ID = 'M00067'
CAN_ID = 7
DEVICE_ID = -1
PETAL_ID = -1

# STATE
POS_T = 67.947652097017169
POS_P = 38.400966387529657
GENERAL_SETTINGS_FILE = '_genl_settings_DEFAULT.conf'

# CALIBRATION
LENGTH_R1 = 2.9906061556194277
LENGTH_R2 = 3.0475882314252662
OFFSET_T = -83.395289214079298
OFFSET_P = -2.1196587948851686
GEAR_CALIB_T = 1.0
GEAR_CALIB_P = 1.0
GEAR_TYPE_T = 'namiki'
GEAR_TYPE_P = 'namiki'
OFFSET_X = 44.88641020079006
OFFSET_Y = 20.677573878904894
PHYSICAL_RANGE_T = 393.46756173189192
PHYSICAL_RANGE_P = 184.07578809564666
MOTOR_CCW_DIR_T = -1
MOTOR_CCW_DIR_P = -1
MOTOR_ID_T = 1
MOTOR_ID_P = 0

# HISTORY
TOTAL_MOVE_SEQUENCES = 2851
TOTAL_CRUISE_MOVES_T = 3692
TOTAL_CRUISE_MOVES_P = 3324
TOTAL_CREEP_MOVES_T = 4589
TOTAL_CREEP_MOVES_P = 4957
TOTAL_LIMIT_SEEKS_T = 133
TOTAL_LIMIT_SEEKS_P = 164
LAST_PRIMARY_HARDSTOP_DIR_T = -1.0
LAST_PRIMARY_HARDSTOP_DIR_P = 1.0
LAST_MOVE_CMD = 'dXdY; (auto backlash backup); (auto final creep)'
LAST_MOVE_VAL1 = '-0.00194972; 3; -3.00297'
LAST_MOVE_VAL2 = '-0.0118967; -3; 3.00289'
LAST_MEAS_OBS_X = 50.686270514159915
LAST_MEAS_OBS_Y = 20.684806583517737
