# Template file for configuration of individual fiber positioner unit.

# ID
POS_ID = 'M00024'
CAN_ID = 435
DEVICE_ID = -1
PETAL_ID = -1

# STATE
POS_T = -16.701585096679167
POS_P = 20.390162924689552
GENERAL_SETTINGS_FILE = '_genl_settings_DEFAULT.conf'

# CALIBRATION
LENGTH_R1 = 3.0275534195625071
LENGTH_R2 = 3.0364680372807156
OFFSET_T = 1.5996901315936753
OFFSET_P = 11.295214498940069
GEAR_CALIB_T = 1.0
GEAR_CALIB_P = 1.0
GEAR_TYPE_T = 'namiki'
GEAR_TYPE_P = 'namiki'
OFFSET_X = 44.705888418978049
OFFSET_Y = 41.943288853320347
PHYSICAL_RANGE_T = 388.8316677242218
PHYSICAL_RANGE_P = 204.57122455293475
MOTOR_CCW_DIR_T = -1
MOTOR_CCW_DIR_P = -1
MOTOR_ID_T = 1
MOTOR_ID_P = 0

# HISTORY
TOTAL_MOVE_SEQUENCES = 6575
TOTAL_CRUISE_MOVES_T = 1300
TOTAL_CRUISE_MOVES_P = 1299
TOTAL_CREEP_MOVES_T = 18364
TOTAL_CREEP_MOVES_P = 18365
TOTAL_LIMIT_SEEKS_T = 31
TOTAL_LIMIT_SEEKS_P = 38
LAST_PRIMARY_HARDSTOP_DIR_T = -1.0
LAST_PRIMARY_HARDSTOP_DIR_P = 1.0
LAST_MOVE_CMD = 'dXdY; (auto backlash backup); (auto final creep)'
LAST_MOVE_VAL1 = '0.0025871; 3; -3.0002'
LAST_MOVE_VAL2 = '0.00438615; -3; 3.00017'
LAST_MEAS_OBS_X = 50.50797860599493
LAST_MEAS_OBS_Y = 41.94126593510283
