# Settings for Unit M00033

# ID
POS_ID = 'M00033'
CAN_ID = 186
DEVICE_ID = -1
PETAL_ID = -1

# STATE
POS_T = -28.619627471975281
POS_P = 37.831566311077594
GENERAL_SETTINGS_FILE = '_genl_settings_DEFAULT.conf'

# CALIBRATION
LENGTH_R1 = 3.0423188802570693
LENGTH_R2 = 3.0606727293305771
OFFSET_T = -6.9294212751964936
OFFSET_P = 1.3062317295379415
GEAR_CALIB_T = 1.0
GEAR_CALIB_P = 1.0
GEAR_TYPE_T = 'namiki'
GEAR_TYPE_P = 'namiki'
OFFSET_X = 75.095257943563112
OFFSET_Y = 42.022463038948068
PHYSICAL_RANGE_T = 391.51938877110922
PHYSICAL_RANGE_P = 187.94483690232346
MOTOR_CCW_DIR_T = -1
MOTOR_CCW_DIR_P = -1
MOTOR_ID_T = 1
MOTOR_ID_P = 0

# HISTORY
TOTAL_MOVE_SEQUENCES = 8694
TOTAL_CRUISE_MOVES_T = 3269
TOTAL_CRUISE_MOVES_P = 2942
TOTAL_CREEP_MOVES_T = 22775
TOTAL_CREEP_MOVES_P = 23102
TOTAL_LIMIT_SEEKS_T = 20
TOTAL_LIMIT_SEEKS_P = 23
LAST_PRIMARY_HARDSTOP_DIR_T = -1.0
LAST_PRIMARY_HARDSTOP_DIR_P = 1.0
LAST_MOVE_CMD = 'dXdY; (auto backlash backup); (auto final creep)'
LAST_MOVE_VAL1 = '-0.065319; 3; -3.00007'
LAST_MOVE_VAL2 = '0.168452; -3; 2.9997'
LAST_MEAS_OBS_X = 80.85244076060182
LAST_MEAS_OBS_Y = 41.987151494609066
