# Template file for configuration of individual fiber positioner unit.

# ID
POS_ID = 'M00018'
CAN_ID = 315
DEVICE_ID = -1
PETAL_ID = -1

# STATE
POS_T = -187.30724382900416
POS_P = 75.459246781098116
GENERAL_SETTINGS_FILE = '_genl_settings_DEFAULT.conf'

# CALIBRATION
LENGTH_R1 = 2.8380330303454131
LENGTH_R2 = 3.0695450102912361
OFFSET_T = -16.513646404597857
OFFSET_P = 0.61892170034195715
GEAR_CALIB_T = 1.0
GEAR_CALIB_P = 1.0
GEAR_TYPE_T = 'namiki'
GEAR_TYPE_P = 'namiki'
OFFSET_X = 29.603983807703166
OFFSET_Y = 41.943550032769672
PHYSICAL_RANGE_T = 392.14047333702024
PHYSICAL_RANGE_P = 182.59716397641779
MOTOR_CCW_DIR_T = -1
MOTOR_CCW_DIR_P = -1
MOTOR_ID_T = 1
MOTOR_ID_P = 0

# HISTORY
TOTAL_MOVE_SEQUENCES = 508
TOTAL_CRUISE_MOVES_T = 152
TOTAL_CRUISE_MOVES_P = 135
TOTAL_CREEP_MOVES_T = 1347
TOTAL_CREEP_MOVES_P = 1364
TOTAL_LIMIT_SEEKS_T = 14
TOTAL_LIMIT_SEEKS_P = 17
LAST_PRIMARY_HARDSTOP_DIR_T = -1.0
LAST_PRIMARY_HARDSTOP_DIR_P = 1.0
LAST_MOVE_CMD = 'dXdY; (auto backlash backup); (auto final creep)'
LAST_MOVE_VAL1 = '-0.000142889; 3; -2.99995'
LAST_MOVE_VAL2 = '0.00176142; -3; 3.00007'
LAST_MEAS_OBS_X = 25.142826071732273
LAST_MEAS_OBS_Y = 40.60439921136068
