# Template file for configuration of individual fiber positioner unit.

# ID
POS_ID = 'M00188'
CAN_ID = 282
DEVICE_ID = -1
PETAL_ID = -1

# STATE
POS_T = 73.270835238343935
POS_P = 39.008042592592439
GENERAL_SETTINGS_FILE = '_genl_settings_DEFAULT.conf'

# CALIBRATION
LENGTH_R1 = 3.0209587329321317
LENGTH_R2 = 3.0951848827977901
OFFSET_T = -91.722954772035393
OFFSET_P = -1.8163393325291395
GEAR_CALIB_T = 1.0
GEAR_CALIB_P = 1.0
GEAR_TYPE_T = 'namiki'
GEAR_TYPE_P = 'namiki'
OFFSET_X = 66.732104479020634
OFFSET_Y = 26.041845813985301
PHYSICAL_RANGE_T = 390.64074853565751
PHYSICAL_RANGE_P = 190.0
MOTOR_CCW_DIR_T = -1
MOTOR_CCW_DIR_P = -1
MOTOR_ID_T = 1
MOTOR_ID_P = 0

# HISTORY
TOTAL_MOVE_SEQUENCES = 9124
TOTAL_CRUISE_MOVES_T = 1768
TOTAL_CRUISE_MOVES_P = 1748
TOTAL_CREEP_MOVES_T = 25548
TOTAL_CREEP_MOVES_P = 25568
TOTAL_LIMIT_SEEKS_T = 26
TOTAL_LIMIT_SEEKS_P = 31
LAST_PRIMARY_HARDSTOP_DIR_T = -1.0
LAST_PRIMARY_HARDSTOP_DIR_P = 1.0
LAST_MOVE_CMD = 'dXdY; (auto backlash backup); (auto final creep)'
LAST_MOVE_VAL1 = '-0.000278591; 3; -3.00012'
LAST_MOVE_VAL2 = '0.00269981; -3; 3.00002'
LAST_MEAS_OBS_X = 72.53174197378665
LAST_MEAS_OBS_Y = 26.041147807747812
