# Settings file for fiber positioner unit: UM00014

POS_ID = 'UM00014'
CAN_ID = 3000
DEVICE_ID = -1
PETAL_ID = -1

# STATE
POS_T = -185.5928538136573
POS_P = 185.1
GENERAL_SETTINGS_FILE = 'genl_settings_001.conf'

# CALIBRATION
LENGTH_R1 = 3.1101557246269942
LENGTH_R2 = 3.0397908135929192
OFFSET_T = 30.073722305044789
OFFSET_P = 19.331827262393318
GEAR_CALIB_T = 1.0
GEAR_CALIB_P = 1.0
GEAR_TYPE_T = 'namiki'
GEAR_TYPE_P = 'namiki'
OFFSET_X = 29.888866467245784
OFFSET_Y = 42.125456692613213
PHYSICAL_RANGE_T = 377.18570762731463
PHYSICAL_RANGE_P = 190.0
MOTOR_CCW_DIR_T = 1
MOTOR_CCW_DIR_P = 1
MOTOR_ID_T = 1
MOTOR_ID_P = 0

# HISTORY
TOTAL_MOVE_SEQUENCES = 6826
TOTAL_CRUISE_MOVES_T = 2530
TOTAL_CRUISE_MOVES_P = 2448
TOTAL_CREEP_MOVES_T = 18011
TOTAL_CREEP_MOVES_P = 18093
TOTAL_LIMIT_SEEKS_T = 164
TOTAL_LIMIT_SEEKS_P = 175
LAST_PRIMARY_HARDSTOP_DIR_T = -1.0
LAST_PRIMARY_HARDSTOP_DIR_P = 1.0
LAST_MOVE_CMD = 'P limit seek; T limit seek; debounce direct_dtdp; debounce direct_dtdp'
LAST_MOVE_VAL1 = '0; -1; 3; 3'
LAST_MOVE_VAL2 = '1; 0; -3; -3'
LAST_MEAS_OBS_X = 18.029518122666083
LAST_MEAS_OBS_Y = 48.25137120500682
