# Template file for configuration of individual fiber positioner unit.

# ID
POS_ID = 'M00169'
CAN_ID = 417
DEVICE_ID = -1
PETAL_ID = -1

# STATE
POS_T = 71.297947100309685
POS_P = 37.941752614806106
GENERAL_SETTINGS_FILE = '_genl_settings_DEFAULT.conf'

# CALIBRATION
LENGTH_R1 = 3.0045368135347061
LENGTH_R2 = 3.0895843514188805
OFFSET_T = -90.19552869952507
OFFSET_P = -1.7103230004003223
GEAR_CALIB_T = 1.0
GEAR_CALIB_P = 1.0
GEAR_TYPE_T = 'namiki'
GEAR_TYPE_P = 'namiki'
OFFSET_X = 52.258097654345562
OFFSET_Y = 26.028261282442177
PHYSICAL_RANGE_T = 392.66513197221991
PHYSICAL_RANGE_P = 187.5019210849145
MOTOR_CCW_DIR_T = -1
MOTOR_CCW_DIR_P = -1
MOTOR_ID_T = 1
MOTOR_ID_P = 0

# HISTORY
TOTAL_MOVE_SEQUENCES = 6937
TOTAL_CRUISE_MOVES_T = 1304
TOTAL_CRUISE_MOVES_P = 1344
TOTAL_CREEP_MOVES_T = 19469
TOTAL_CREEP_MOVES_P = 19429
TOTAL_LIMIT_SEEKS_T = 19
TOTAL_LIMIT_SEEKS_P = 22
LAST_PRIMARY_HARDSTOP_DIR_T = -1.0
LAST_PRIMARY_HARDSTOP_DIR_P = 1.0
LAST_MOVE_CMD = 'dXdY; (auto backlash backup); (auto final creep)'
LAST_MOVE_VAL1 = '-0.000522678; 3; -3.00007'
LAST_MOVE_VAL2 = '0.000904067; -3; 3.00018'
LAST_MEAS_OBS_X = 58.057440631288706
LAST_MEAS_OBS_Y = 26.028506587572192
