# Configuration file for unit M00442.

#ID
POS_ID = 'M00442'
CAN_ID = 461
DEVICE_ID = -1
PETAL_ID = -1

# STATE
POS_T = 180.00012291610844
POS_P = -2.9998753679939512
GENERAL_SETTINGS_FILE = '_genl_settings_DEFAULT.conf'

# CALIBRATION
LENGTH_R1 = 2.792409078085953
LENGTH_R2 = 3.0738323402037726
OFFSET_T = -75.265317488514881
OFFSET_P = -3.2350138622320372
GEAR_CALIB_T = 1.0
GEAR_CALIB_P = 1.0
GEAR_TYPE_T = 'namiki'
GEAR_TYPE_P = 'namiki'
OFFSET_X = 75.85297156070375
OFFSET_Y = 16.112573400644827
PHYSICAL_RANGE_T = 393.65218330358607
PHYSICAL_RANGE_P = 187.50118924046018
MOTOR_CCW_DIR_T = -1
MOTOR_CCW_DIR_P = -1
MOTOR_ID_T = 1
MOTOR_ID_P = 0

# HISTORY
TOTAL_MOVE_SEQUENCES = 2494
TOTAL_CRUISE_MOVES_T = 539
TOTAL_CRUISE_MOVES_P = 547
TOTAL_CREEP_MOVES_T = 6918
TOTAL_CREEP_MOVES_P = 6910
TOTAL_LIMIT_SEEKS_T = 16
TOTAL_LIMIT_SEEKS_P = 19
LAST_PRIMARY_HARDSTOP_DIR_T = -1.0
LAST_PRIMARY_HARDSTOP_DIR_P = 1.0
LAST_MOVE_CMD = 'posTP; (auto backlash backup); (auto final creep)'
LAST_MOVE_VAL1 = '180; 3; -2.99811'
LAST_MOVE_VAL2 = '-3; -3; -4.12569'
LAST_MEAS_OBS_X = 81.65352663958947
LAST_MEAS_OBS_Y = 16.112484669169707
