# Template file for configuration of individual fiber positioner unit.

# ID
POS_ID = 'M00245'
CAN_ID = 180
DEVICE_ID = -1
PETAL_ID = -1

# STATE
POS_T = -8.5065020859063427
POS_P = 41.918884567901117
GENERAL_SETTINGS_FILE = '_genl_settings_DEFAULT.conf'

# CALIBRATION
LENGTH_R1 = 3.021909253874985
LENGTH_R2 = 3.0472934620862424
OFFSET_T = -8.9429216946855625
OFFSET_P = -7.5293498454979257
GEAR_CALIB_T = 1.0
GEAR_CALIB_P = 1.0
GEAR_TYPE_T = 'namiki'
GEAR_TYPE_P = 'namiki'
OFFSET_X = 23.165683327097973
OFFSET_Y = 32.0965939849603
PHYSICAL_RANGE_T = 395.83909849280008
PHYSICAL_RANGE_P = 190.0
MOTOR_CCW_DIR_T = -1
MOTOR_CCW_DIR_P = -1
MOTOR_ID_T = 1
MOTOR_ID_P = 0

# HISTORY
TOTAL_MOVE_SEQUENCES = 3376
TOTAL_CRUISE_MOVES_T = 915
TOTAL_CRUISE_MOVES_P = 868
TOTAL_CREEP_MOVES_T = 9131
TOTAL_CREEP_MOVES_P = 9178
TOTAL_LIMIT_SEEKS_T = 40
TOTAL_LIMIT_SEEKS_P = 48
LAST_PRIMARY_HARDSTOP_DIR_T = -1.0
LAST_PRIMARY_HARDSTOP_DIR_P = 1.0
LAST_MOVE_CMD = 'dXdY; (auto backlash backup); (auto final creep)'
LAST_MOVE_VAL1 = '0.00011719; 3; -2.99993'
LAST_MOVE_VAL2 = '0.00624676; -3; 2.99998'
LAST_MEAS_OBS_X = 28.9655637233032
LAST_MEAS_OBS_Y = 32.09951941202986
