# Settings file for fiber positioner unit: UM00012

POS_ID = 'UM00012'
CAN_ID = 12
DEVICE_ID = -1
PETAL_ID = -1

# STATE
POS_T = 41.028468090693281
POS_P = -1.8126295737690157
GENERAL_SETTINGS_FILE = '_genl_settings_DEFAULT.conf'

# CALIBRATION
LENGTH_R1 = 3.065092416055506
LENGTH_R2 = 2.993116548446368
OFFSET_T = 140.47787239558571
OFFSET_P = 1.8127096473236577
GEAR_CALIB_T = 1.0
GEAR_CALIB_P = 1.0
GEAR_TYPE_T = 'namiki'
GEAR_TYPE_P = 'namiki'
OFFSET_X = 52.949543922249482
OFFSET_Y = 20.485175922956159
PHYSICAL_RANGE_T = 380.88073939323937
PHYSICAL_RANGE_P = 186.40672015594612
MOTOR_CCW_DIR_T = 1
MOTOR_CCW_DIR_P = 1
MOTOR_ID_T = 1
MOTOR_ID_P = 0

# HISTORY
TOTAL_MOVE_SEQUENCES = 1763
TOTAL_CRUISE_MOVES_T = 1100
TOTAL_CRUISE_MOVES_P = 1106
TOTAL_CREEP_MOVES_T = 4038
TOTAL_CREEP_MOVES_P = 4032
TOTAL_LIMIT_SEEKS_T = 240
TOTAL_LIMIT_SEEKS_P = 246
LAST_PRIMARY_HARDSTOP_DIR_T = -1.0
LAST_PRIMARY_HARDSTOP_DIR_P = 1.0
LAST_MOVE_CMD = 'dXdY; (auto backlash backup); (auto final creep)'
LAST_MOVE_VAL1 = '-4.96942; 3; -2.9946'
LAST_MOVE_VAL2 = '-2.16568; -3; -2.95344'
LAST_MEAS_OBS_X = 54.052298348329046
LAST_MEAS_OBS_Y = 24.584190515401446
