# Configuration file for unit M00147.
# Note this unit is one of the first 3 gamma prototypes

#ID
POS_ID = 'M00147'
CAN_ID = 147
DEVICE_ID = -1
PETAL_ID = -1

# STATE
POS_T = -1.5001114850617796
POS_P = 94.48121957900327
GENERAL_SETTINGS_FILE = '_genl_settings_DEFAULT.conf'

# CALIBRATION
LENGTH_R1 = 2.7367972192039165
LENGTH_R2 = 3.046359783660144
OFFSET_T = 94.42623101577101
OFFSET_P = -8.56148743225495
GEAR_CALIB_T = 1.0
GEAR_CALIB_P = 1.0
GEAR_TYPE_T = 'namiki'
GEAR_TYPE_P = 'namiki'
OFFSET_X = 27.10354321851191
OFFSET_Y = 10.553320378759942
PHYSICAL_RANGE_T = 393.87637309358047
PHYSICAL_RANGE_P = 189.75777286319078
MOTOR_CCW_DIR_T = -1
MOTOR_CCW_DIR_P = -1
MOTOR_ID_T = 1
MOTOR_ID_P = 0

# HISTORY
TOTAL_MOVE_SEQUENCES = 5287
TOTAL_CRUISE_MOVES_T = 1650
TOTAL_CRUISE_MOVES_P = 1698
TOTAL_CREEP_MOVES_T = 14170
TOTAL_CREEP_MOVES_P = 14122
TOTAL_LIMIT_SEEKS_T = 45
TOTAL_LIMIT_SEEKS_P = 52
LAST_PRIMARY_HARDSTOP_DIR_T = -1.0
LAST_PRIMARY_HARDSTOP_DIR_P = 1.0
LAST_MOVE_CMD = 'posTP; (auto backlash backup); (auto final creep)'
LAST_MOVE_VAL1 = '-1.5; 0; 0.000111485'
LAST_MOVE_VAL2 = '94.4813; -3; 2.99749'
LAST_MEAS_OBS_X = 24.959891083440986
LAST_MEAS_OBS_Y = 15.527599382121158
