# Template file for configuration of individual fiber positioner unit.

# ID
POS_ID = 'M00172'
CAN_ID = 319
DEVICE_ID = -1
PETAL_ID = -1

# STATE
POS_T = -27.296935662097592
POS_P = 39.882777283950354
GENERAL_SETTINGS_FILE = '_genl_settings_DEFAULT.conf'

# CALIBRATION
LENGTH_R1 = 3.0058482031750624
LENGTH_R2 = 3.0629004768046317
OFFSET_T = 10.054275119920268
OFFSET_P = -5.350327095712295
GEAR_CALIB_T = 1.0
GEAR_CALIB_P = 1.0
GEAR_TYPE_T = 'namiki'
GEAR_TYPE_P = 'namiki'
OFFSET_X = 22.446080075376599
OFFSET_Y = 25.855356083055611
PHYSICAL_RANGE_T = 393.04818811431858
PHYSICAL_RANGE_P = 190.0
MOTOR_CCW_DIR_T = -1
MOTOR_CCW_DIR_P = -1
MOTOR_ID_T = 1
MOTOR_ID_P = 0

# HISTORY
TOTAL_MOVE_SEQUENCES = 2153
TOTAL_CRUISE_MOVES_T = 407
TOTAL_CRUISE_MOVES_P = 414
TOTAL_CREEP_MOVES_T = 6043
TOTAL_CREEP_MOVES_P = 6036
TOTAL_LIMIT_SEEKS_T = 5
TOTAL_LIMIT_SEEKS_P = 6
LAST_PRIMARY_HARDSTOP_DIR_T = -1.0
LAST_PRIMARY_HARDSTOP_DIR_P = 1.0
LAST_MOVE_CMD = 'dXdY; (auto backlash backup); (auto final creep)'
LAST_MOVE_VAL1 = '0.000489695; 3; -3.00021'
LAST_MOVE_VAL2 = '0.000222651; -3; 3'
LAST_MEAS_OBS_X = 28.24632859078587
LAST_MEAS_OBS_Y = 25.85586345892462
