# Template file for configuration of individual fiber positioner unit.

# ID
POS_ID = 'M00034'
CAN_ID = 91
DEVICE_ID = -1
PETAL_ID = -1

# STATE
POS_T = -39.948045204599623
POS_P = 166.27032512699651
GENERAL_SETTINGS_FILE = '_genl_settings_DEFAULT.conf'

# CALIBRATION
LENGTH_R1 = 2.9795625436712068
LENGTH_R2 = 3.0498017418183543
OFFSET_T = -4.5798222751274933
OFFSET_P = 1.8048498559611232
GEAR_CALIB_T = 1.0
GEAR_CALIB_P = 1.0
GEAR_TYPE_T = 'namiki'
GEAR_TYPE_P = 'namiki'
OFFSET_X = 75.353471409165067
OFFSET_Y = 42.070214838139698
PHYSICAL_RANGE_T = 383.09661312524872
PHYSICAL_RANGE_P = 185.50140073932823
MOTOR_CCW_DIR_T = -1
MOTOR_CCW_DIR_P = -1
MOTOR_ID_T = 1
MOTOR_ID_P = 0

# HISTORY
TOTAL_MOVE_SEQUENCES = 6020
TOTAL_CRUISE_MOVES_T = 1732
TOTAL_CRUISE_MOVES_P = 1576
TOTAL_CREEP_MOVES_T = 16239
TOTAL_CREEP_MOVES_P = 16395
TOTAL_LIMIT_SEEKS_T = 45
TOTAL_LIMIT_SEEKS_P = 55
LAST_PRIMARY_HARDSTOP_DIR_T = -1.0
LAST_PRIMARY_HARDSTOP_DIR_P = 1.0
LAST_MOVE_CMD = 'dXdY; (auto backlash backup); (auto final creep)'
LAST_MOVE_VAL1 = '0.00712944; 3; -3.00005'
LAST_MOVE_VAL2 = '-0.0057807; -3; 3.00011'
LAST_MEAS_OBS_X = 75.79455045548715
LAST_MEAS_OBS_Y = 42.52231870525848
