# Template file for configuration of individual fiber positioner unit.

# ID
POS_ID = 'M00254'
CAN_ID = 261
DEVICE_ID = -1
PETAL_ID = -1

# STATE
POS_T = -130.25701253195001
POS_P = 42.761605925925942
GENERAL_SETTINGS_FILE = '_genl_settings_DEFAULT.conf'

# CALIBRATION
LENGTH_R1 = 3.0688541858717957
LENGTH_R2 = 3.0401303292242172
OFFSET_T = 127.23597463423316
OFFSET_P = -4.6291703628401208
GEAR_CALIB_T = 1.0
GEAR_CALIB_P = 1.0
GEAR_TYPE_T = 'namiki'
GEAR_TYPE_P = 'namiki'
OFFSET_X = 37.965014344644601
OFFSET_Y = 32.31555850183679
PHYSICAL_RANGE_T = 393.89982111328254
PHYSICAL_RANGE_P = 190.0
MOTOR_CCW_DIR_T = -1
MOTOR_CCW_DIR_P = -1
MOTOR_ID_T = 1
MOTOR_ID_P = 0

# HISTORY
TOTAL_MOVE_SEQUENCES = 2707
TOTAL_CRUISE_MOVES_T = 638
TOTAL_CRUISE_MOVES_P = 629
TOTAL_CREEP_MOVES_T = 7440
TOTAL_CREEP_MOVES_P = 7449
TOTAL_LIMIT_SEEKS_T = 23
TOTAL_LIMIT_SEEKS_P = 28
LAST_PRIMARY_HARDSTOP_DIR_T = -1.0
LAST_PRIMARY_HARDSTOP_DIR_P = 1.0
LAST_MOVE_CMD = 'dXdY; (auto backlash backup); (auto final creep)'
LAST_MOVE_VAL1 = '-0.0405409; 3; -3.00011'
LAST_MOVE_VAL2 = '-0.084896; -3; 3.00009'
LAST_MEAS_OBS_X = 43.74429269327926
LAST_MEAS_OBS_Y = 32.30677611621185
