# Template file for configuration of individual fiber positioner unit.

# ID
POS_ID = 'M00223'
CAN_ID = 362
DEVICE_ID = -1
PETAL_ID = -1

# STATE
POS_T = 5.967979441834359e-05
POS_P = 180.00009814814814
GENERAL_SETTINGS_FILE = '_genl_settings_DEFAULT.conf'

# CALIBRATION
LENGTH_R1 = 3.035643619591154
LENGTH_R2 = 3.030329108773758
OFFSET_T = -86.31409876356855
OFFSET_P = -2.998135271961999
GEAR_CALIB_T = 1.0
GEAR_CALIB_P = 1.0
GEAR_TYPE_T = 'namiki'
GEAR_TYPE_P = 'namiki'
OFFSET_X = 44.3095602954339
OFFSET_Y = 42.69297514477679
PHYSICAL_RANGE_T = 400.6389117515223
PHYSICAL_RANGE_P = 190.0
MOTOR_CCW_DIR_T = -1
MOTOR_CCW_DIR_P = -1
MOTOR_ID_T = 1
MOTOR_ID_P = 0

# HISTORY
TOTAL_MOVE_SEQUENCES = 2195
TOTAL_CRUISE_MOVES_T = 439
TOTAL_CRUISE_MOVES_P = 462
TOTAL_CREEP_MOVES_T = 6140
TOTAL_CREEP_MOVES_P = 6117
TOTAL_LIMIT_SEEKS_T = 12
TOTAL_LIMIT_SEEKS_P = 13
LAST_PRIMARY_HARDSTOP_DIR_T = -1.0
LAST_PRIMARY_HARDSTOP_DIR_P = 1.0
LAST_MOVE_CMD = 'posTP; (auto final creep)'
LAST_MOVE_VAL1 = '0; -5.96798e-05'
LAST_MOVE_VAL2 = '180; -9.81481e-05'
LAST_MEAS_OBS_X = 50.10906088614352
LAST_MEAS_OBS_Y = 42.69196312264308
