# Configuration file for unit M00383.

#ID
POS_ID = 'M00383'
CAN_ID = 383
DEVICE_ID = -1
PETAL_ID = -1

# STATE
POS_T = -180.00000889724029
POS_P = -2.9999719753087462
GENERAL_SETTINGS_FILE = '_genl_settings_DEFAULT.conf'

# CALIBRATION
LENGTH_R1 = 2.9951471140866763
LENGTH_R2 = 3.0920107298880719
OFFSET_T = 27.848718720750075
OFFSET_P = -1.609600563048815
GEAR_CALIB_T = 1.0
GEAR_CALIB_P = 1.0
GEAR_TYPE_T = 'namiki'
GEAR_TYPE_P = 'namiki'
OFFSET_X = 30.330504386683831
OFFSET_Y = 47.691128390472016
PHYSICAL_RANGE_T = 395.5927874241105
PHYSICAL_RANGE_P = 190.0
MOTOR_CCW_DIR_T = -1
MOTOR_CCW_DIR_P = -1
MOTOR_ID_T = 1
MOTOR_ID_P = 0

# HISTORY
TOTAL_MOVE_SEQUENCES = 942
TOTAL_CRUISE_MOVES_T = 349
TOTAL_CRUISE_MOVES_P = 317
TOTAL_CREEP_MOVES_T = 2415
TOTAL_CREEP_MOVES_P = 2447
TOTAL_LIMIT_SEEKS_T = 35
TOTAL_LIMIT_SEEKS_P = 42
LAST_PRIMARY_HARDSTOP_DIR_T = -1.0
LAST_PRIMARY_HARDSTOP_DIR_P = 1.0
LAST_MOVE_CMD = 'posTP; (auto backlash backup); (auto final creep)'
LAST_MOVE_VAL1 = '180; 3; -3.00065'
LAST_MOVE_VAL2 = '-3; -3; -4.10218'
LAST_MEAS_OBS_X = 36.130114234656034
LAST_MEAS_OBS_Y = 47.69398007544112
