# Configuration file for unit M00386.

#ID
POS_ID = 'M00386'
CAN_ID = 348
DEVICE_ID = -1
PETAL_ID = -1

# STATE
POS_T = -162.56276613302504
POS_P = 38.390007407407438
GENERAL_SETTINGS_FILE = '_genl_settings_DEFAULT.conf'

# CALIBRATION
LENGTH_R1 = 2.909440160574241
LENGTH_R2 = 3.0846106119327694
OFFSET_T = 147.32020904875782
OFFSET_P = -8.6209083363934269
GEAR_CALIB_T = 1.0
GEAR_CALIB_P = 1.0
GEAR_TYPE_T = 'namiki'
GEAR_TYPE_P = 'namiki'
OFFSET_X = 45.609782729355111
OFFSET_Y = 16.070965216553063
PHYSICAL_RANGE_T = 393.88707942654389
PHYSICAL_RANGE_P = 190.0
MOTOR_CCW_DIR_T = -1
MOTOR_CCW_DIR_P = -1
MOTOR_ID_T = 1
MOTOR_ID_P = 0

# HISTORY
TOTAL_MOVE_SEQUENCES = 4297
TOTAL_CRUISE_MOVES_T = 1293
TOTAL_CRUISE_MOVES_P = 1258
TOTAL_CREEP_MOVES_T = 11438
TOTAL_CREEP_MOVES_P = 11473
TOTAL_LIMIT_SEEKS_T = 80
TOTAL_LIMIT_SEEKS_P = 95
LAST_PRIMARY_HARDSTOP_DIR_T = -1.0
LAST_PRIMARY_HARDSTOP_DIR_P = 1.0
LAST_MOVE_CMD = 'dXdY; (auto backlash backup); (auto final creep)'
LAST_MOVE_VAL1 = '-3.43223e-05; 3; -3.00016'
LAST_MOVE_VAL2 = '-0.000770849; -3; 3.00004'
LAST_MEAS_OBS_X = 51.40988754738794
LAST_MEAS_OBS_Y = 16.07323013382726
