# Configuration file for unit M00318.

#ID
POS_ID = 'M00318'
CAN_ID = 249
DEVICE_ID = -1
PETAL_ID = -1

# STATE
POS_T = 25.458027676842114
POS_P = 39.427772962962933
GENERAL_SETTINGS_FILE = '_genl_settings_DEFAULT.conf'

# CALIBRATION
LENGTH_R1 = 2.9551180262881216
LENGTH_R2 = 3.1156429164249442
OFFSET_T = -43.111730794359943
OFFSET_P = -4.7404058875799109
GEAR_CALIB_T = 1.0
GEAR_CALIB_P = 1.0
GEAR_TYPE_T = 'namiki'
GEAR_TYPE_P = 'namiki'
OFFSET_X = 30.761512659010833
OFFSET_Y = 16.008912855980583
PHYSICAL_RANGE_T = 394.87481822656252
PHYSICAL_RANGE_P = 190.0
MOTOR_CCW_DIR_T = -1
MOTOR_CCW_DIR_P = -1
MOTOR_ID_T = 1
MOTOR_ID_P = 0

# HISTORY
TOTAL_MOVE_SEQUENCES = 5245
TOTAL_CRUISE_MOVES_T = 1614
TOTAL_CRUISE_MOVES_P = 1498
TOTAL_CREEP_MOVES_T = 13897
TOTAL_CREEP_MOVES_P = 14013
TOTAL_LIMIT_SEEKS_T = 115
TOTAL_LIMIT_SEEKS_P = 137
LAST_PRIMARY_HARDSTOP_DIR_T = -1.0
LAST_PRIMARY_HARDSTOP_DIR_P = 1.0
LAST_MOVE_CMD = 'dXdY; (auto backlash backup); (auto final creep)'
LAST_MOVE_VAL1 = '-5.59192e-05; 3; -3.00005'
LAST_MOVE_VAL2 = '0.00042145; -3; 2.99998'
LAST_MEAS_OBS_X = 36.561249967327264
LAST_MEAS_OBS_Y = 16.008935715468493
