# Template file for configuration of individual fiber positioner unit.

# ID
POS_ID = 'M00184'
CAN_ID = 331
DEVICE_ID = -1
PETAL_ID = -1

# STATE
POS_T = -0.00011624149004774154
POS_P = 170.00008135802469
GENERAL_SETTINGS_FILE = '_genl_settings_DEFAULT.conf'

# CALIBRATION
LENGTH_R1 = 3.0243643800606006
LENGTH_R2 = 3.109932101930544
OFFSET_T = -25.455602154449426
OFFSET_P = -1.5077454300561044
GEAR_CALIB_T = 1.0
GEAR_CALIB_P = 1.0
GEAR_TYPE_T = 'namiki'
GEAR_TYPE_P = 'namiki'
OFFSET_X = 61.07141235972551
OFFSET_Y = 47.973919405182194
PHYSICAL_RANGE_T = 393.9466984089061
PHYSICAL_RANGE_P = 190.0
MOTOR_CCW_DIR_T = -1
MOTOR_CCW_DIR_P = -1
MOTOR_ID_T = 1
MOTOR_ID_P = 0

# HISTORY
TOTAL_MOVE_SEQUENCES = 27712
TOTAL_CRUISE_MOVES_T = 5456
TOTAL_CRUISE_MOVES_P = 5491
TOTAL_CREEP_MOVES_T = 77466
TOTAL_CREEP_MOVES_P = 77431
TOTAL_LIMIT_SEEKS_T = 122
TOTAL_LIMIT_SEEKS_P = 146
LAST_PRIMARY_HARDSTOP_DIR_T = -1.0
LAST_PRIMARY_HARDSTOP_DIR_P = 1.0
LAST_MOVE_CMD = 'direct_dtdp; (auto backlash backup); (auto final creep)'
LAST_MOVE_VAL1 = '0; 0; 0'
LAST_MOVE_VAL2 = '-10; -3; 2.99712'
LAST_MEAS_OBS_X = 63.74899629340717
LAST_MEAS_OBS_Y = 43.514409572398456
