# Configuration file for unit M00428.

#ID
POS_ID = 'M00428'
CAN_ID = 520
DEVICE_ID = -1
PETAL_ID = -1

# STATE
POS_T = -174.99989259645682
POS_P = -2.9999027440020143
GENERAL_SETTINGS_FILE = '_genl_settings_DEFAULT.conf'

# CALIBRATION
LENGTH_R1 = 3.3578936246457749
LENGTH_R2 = 3.1864862183821212
OFFSET_T = -0.95278429098730011
OFFSET_P = -34.285582873370103
GEAR_CALIB_T = 1.0
GEAR_CALIB_P = 1.0
GEAR_TYPE_T = 'namiki'
GEAR_TYPE_P = 'namiki'
OFFSET_X = 61.001607104110178
OFFSET_Y = 16.483822844735993
PHYSICAL_RANGE_T = 391.62528963735861
PHYSICAL_RANGE_P = 217.3635055210857
MOTOR_CCW_DIR_T = -1
MOTOR_CCW_DIR_P = -1
MOTOR_ID_T = 1
MOTOR_ID_P = 0

# HISTORY
TOTAL_MOVE_SEQUENCES = 916
TOTAL_CRUISE_MOVES_T = 774
TOTAL_CRUISE_MOVES_P = 722
TOTAL_CREEP_MOVES_T = 1956
TOTAL_CREEP_MOVES_P = 2008
TOTAL_LIMIT_SEEKS_T = 10
TOTAL_LIMIT_SEEKS_P = 12
LAST_PRIMARY_HARDSTOP_DIR_T = -1.0
LAST_PRIMARY_HARDSTOP_DIR_P = 1.0
LAST_MOVE_CMD = 'posTP; (auto backlash backup); (auto final creep)'
LAST_MOVE_VAL1 = '185; 3; -2.9981'
LAST_MOVE_VAL2 = '-3; -3; -3.82777'
LAST_MEAS_OBS_X = 67.18732186506142
LAST_MEAS_OBS_Y = 16.857596548830564
