# Template file for configuration of individual fiber positioner unit.

# ID
POS_ID = 'M00109'
CAN_ID = 109
DEVICE_ID = -1
PETAL_ID = -1

# STATE
POS_T = -150.47548407162543
POS_P = 89.256335738602516
GENERAL_SETTINGS_FILE = '_genl_settings_DEFAULT.conf'

# CALIBRATION
LENGTH_R1 = 2.9602873752886802
LENGTH_R2 = 3.0870062031608092
OFFSET_T = -155.85628924449142
OFFSET_P = -2.597160401558007
GEAR_CALIB_T = 1.0
GEAR_CALIB_P = 1.0
GEAR_TYPE_T = 'namiki'
GEAR_TYPE_P = 'namiki'
OFFSET_X = 86.055622411706622
OFFSET_Y = 88.600514524865034
PHYSICAL_RANGE_T = 393.32827703214025
PHYSICAL_RANGE_P = 184.35944861986297
MOTOR_CCW_DIR_T = -1
MOTOR_CCW_DIR_P = -1
MOTOR_ID_T = 1
MOTOR_ID_P = 0

# HISTORY
TOTAL_MOVE_SEQUENCES = 3006
TOTAL_CRUISE_MOVES_T = 1262
TOTAL_CRUISE_MOVES_P = 1062
TOTAL_CREEP_MOVES_T = 7691
TOTAL_CREEP_MOVES_P = 7891
TOTAL_LIMIT_SEEKS_T = 46
TOTAL_LIMIT_SEEKS_P = 55
LAST_PRIMARY_HARDSTOP_DIR_T = -1.0
LAST_PRIMARY_HARDSTOP_DIR_P = 1.0
LAST_MOVE_CMD = 'obsXY; (auto backlash backup); (auto final creep)'
LAST_MOVE_VAL1 = '85.4334; 3; -3.00134'
LAST_MOVE_VAL2 = '92.9561; -3; 2.99998'
LAST_MEAS_OBS_X = 85.43457159568003
LAST_MEAS_OBS_Y = 91.71149202317989
