# Configuration file for unit M00358.

#ID
POS_ID = 'M00358'
CAN_ID = 24
DEVICE_ID = -1
PETAL_ID = -1

# STATE
POS_T = -0.92403667298158654
POS_P = 40.753065679012309
GENERAL_SETTINGS_FILE = '_genl_settings_DEFAULT.conf'

# CALIBRATION
LENGTH_R1 = 3.0366045553968672
LENGTH_R2 = 3.1377229271731562
OFFSET_T = -19.651211881633994
OFFSET_P = -0.37393028822262409
GEAR_CALIB_T = 1.0
GEAR_CALIB_P = 1.0
GEAR_TYPE_T = 'namiki'
GEAR_TYPE_P = 'namiki'
OFFSET_X = 15.658620167753138
OFFSET_Y = 16.130346206398766
PHYSICAL_RANGE_T = 394.6064889015189
PHYSICAL_RANGE_P = 190.0
MOTOR_CCW_DIR_T = -1
MOTOR_CCW_DIR_P = -1
MOTOR_ID_T = 1
MOTOR_ID_P = 0

# HISTORY
TOTAL_MOVE_SEQUENCES = 4096
TOTAL_CRUISE_MOVES_T = 1225
TOTAL_CRUISE_MOVES_P = 1113
TOTAL_CREEP_MOVES_T = 10901
TOTAL_CREEP_MOVES_P = 11013
TOTAL_LIMIT_SEEKS_T = 87
TOTAL_LIMIT_SEEKS_P = 102
LAST_PRIMARY_HARDSTOP_DIR_T = -1.0
LAST_PRIMARY_HARDSTOP_DIR_P = 1.0
LAST_MOVE_CMD = 'dXdY; (auto backlash backup); (auto final creep)'
LAST_MOVE_VAL1 = '0.00127624; 3; -3.00004'
LAST_MOVE_VAL2 = '0.000606163; -3; 2.99997'
LAST_MEAS_OBS_X = 21.459433426383743
LAST_MEAS_OBS_Y = 16.131786505702323
