# Template file for configuration of individual fiber positioner unit.

# ID
POS_ID = 'M00240'
CAN_ID = 69
DEVICE_ID = -1
PETAL_ID = -1

# STATE
POS_T = -11.575818991079322
POS_P = 39.414382243935385
GENERAL_SETTINGS_FILE = '_genl_settings_DEFAULT.conf'

# CALIBRATION
LENGTH_R1 = 3.1070166694122947
LENGTH_R2 = 3.0347809097247023
OFFSET_T = -7.4726816788229407
OFFSET_P = -1.0349397866724193
GEAR_CALIB_T = 1.0
GEAR_CALIB_P = 1.0
GEAR_TYPE_T = 'namiki'
GEAR_TYPE_P = 'namiki'
OFFSET_X = 44.9318471981112
OFFSET_Y = 48.511427127301914
PHYSICAL_RANGE_T = 393.25409896981296
PHYSICAL_RANGE_P = 188.13819206582826
MOTOR_CCW_DIR_T = -1
MOTOR_CCW_DIR_P = -1
MOTOR_ID_T = 1
MOTOR_ID_P = 0

# HISTORY
TOTAL_MOVE_SEQUENCES = 2714
TOTAL_CRUISE_MOVES_T = 606
TOTAL_CRUISE_MOVES_P = 607
TOTAL_CREEP_MOVES_T = 7492
TOTAL_CREEP_MOVES_P = 7491
TOTAL_LIMIT_SEEKS_T = 24
TOTAL_LIMIT_SEEKS_P = 29
LAST_PRIMARY_HARDSTOP_DIR_T = -1.0
LAST_PRIMARY_HARDSTOP_DIR_P = 1.0
LAST_MOVE_CMD = 'dXdY; (auto backlash backup); (auto final creep)'
LAST_MOVE_VAL1 = '-0.000201653; 3; -3.00008'
LAST_MOVE_VAL2 = '0.000634131; -3; 3.00001'
LAST_MEAS_OBS_X = 50.73222921957728
LAST_MEAS_OBS_Y = 48.511868359744895
