# Template file for configuration of individual fiber positioner unit.

# ID
POS_ID = 'M00058'
CAN_ID = 358
DEVICE_ID = -1
PETAL_ID = -1

# STATE
POS_T = 59.870346894169607
POS_P = 42.550258641975155
GENERAL_SETTINGS_FILE = '_genl_settings_DEFAULT.conf'

# CALIBRATION
LENGTH_R1 = 3.0604986697981098
LENGTH_R2 = 3.026936707588801
OFFSET_T = -77.393799720018521
OFFSET_P = -7.3288102603367236
GEAR_CALIB_T = 1.0
GEAR_CALIB_P = 1.0
GEAR_TYPE_T = 'namiki'
GEAR_TYPE_P = 'namiki'
OFFSET_X = 67.560547438078288
OFFSET_Y = 26.085558082811168
PHYSICAL_RANGE_T = 393.68605337215507
PHYSICAL_RANGE_P = 190.0
MOTOR_CCW_DIR_T = -1
MOTOR_CCW_DIR_P = -1
MOTOR_ID_T = 1
MOTOR_ID_P = 0

# HISTORY
TOTAL_MOVE_SEQUENCES = 4370
TOTAL_CRUISE_MOVES_T = 883
TOTAL_CRUISE_MOVES_P = 870
TOTAL_CREEP_MOVES_T = 12184
TOTAL_CREEP_MOVES_P = 12197
TOTAL_LIMIT_SEEKS_T = 23
TOTAL_LIMIT_SEEKS_P = 28
LAST_PRIMARY_HARDSTOP_DIR_T = -1.0
LAST_PRIMARY_HARDSTOP_DIR_P = 1.0
LAST_MOVE_CMD = 'dXdY; (auto backlash backup); (auto final creep)'
LAST_MOVE_VAL1 = '-1.29861e-06; 3; -3.00008'
LAST_MOVE_VAL2 = '-0.00026835; -0; 7.74036e-05'
LAST_MEAS_OBS_X = 73.36120630141721
LAST_MEAS_OBS_Y = 26.085413945541514
