# Template file for configuration of individual fiber positioner unit.

# ID
POS_ID = 'M00184'
CAN_ID = 331
DEVICE_ID = -1
PETAL_ID = -1

# STATE
POS_T = 8.3487555810567819
POS_P = 35.530109912509054
GENERAL_SETTINGS_FILE = '_genl_settings_DEFAULT.conf'

# CALIBRATION
LENGTH_R1 = 3.0233245397259672
LENGTH_R2 = 3.1049633606772802
OFFSET_T = -27.539744034872317
OFFSET_P = 2.8159904376628617
GEAR_CALIB_T = 1.0
GEAR_CALIB_P = 1.0
GEAR_TYPE_T = 'namiki'
GEAR_TYPE_P = 'namiki'
OFFSET_X = 60.922396310157175
OFFSET_Y = 16.122182226787125
PHYSICAL_RANGE_T = 394.28064093665051
PHYSICAL_RANGE_P = 186.94713583879837
MOTOR_CCW_DIR_T = -1
MOTOR_CCW_DIR_P = -1
MOTOR_ID_T = 1
MOTOR_ID_P = 0

# HISTORY
TOTAL_MOVE_SEQUENCES = 44972
TOTAL_CRUISE_MOVES_T = 8740
TOTAL_CRUISE_MOVES_P = 8768
TOTAL_CREEP_MOVES_T = 125891
TOTAL_CREEP_MOVES_P = 125863
TOTAL_LIMIT_SEEKS_T = 168
TOTAL_LIMIT_SEEKS_P = 201
LAST_PRIMARY_HARDSTOP_DIR_T = -1.0
LAST_PRIMARY_HARDSTOP_DIR_P = 1.0
LAST_MOVE_CMD = 'dXdY; (auto backlash backup); (auto final creep)'
LAST_MOVE_VAL1 = '-0.000675287; 3; -3.0002'
LAST_MOVE_VAL2 = '-0.00451106; -3; 3.00003'
LAST_MEAS_OBS_X = 66.72301151666338
LAST_MEAS_OBS_Y = 16.113958162171592
