# Settings file for fiber positioner unit: UM00012

POS_ID = 'UM00022'
CAN_ID = 22
DEVICE_ID = -1
PETAL_ID = -1

# STATE
POS_T = 1.3022079779359022
POS_P = 37.968905496410791
GENERAL_SETTINGS_FILE = '_genl_settings_DEFAULT.conf'

# CALIBRATION
LENGTH_R1 = 3.0486275755893328
LENGTH_R2 = 3.0048299169147832
OFFSET_T = -17.868175129250272
OFFSET_P = -4.6689244806692329
GEAR_CALIB_T = 1.0
GEAR_CALIB_P = 1.0
GEAR_TYPE_T = 'namiki'
GEAR_TYPE_P = 'namiki'
OFFSET_X = 59.704656397434377
OFFSET_Y = 51.979157387677489
PHYSICAL_RANGE_T = 382.1536304638812
PHYSICAL_RANGE_P = 188.67280989162327
MOTOR_CCW_DIR_T = 1
MOTOR_CCW_DIR_P = 1
MOTOR_ID_T = 1
MOTOR_ID_P = 0

# HISTORY
TOTAL_MOVE_SEQUENCES = 18190
TOTAL_CRUISE_MOVES_T = 5328
TOTAL_CRUISE_MOVES_P = 5163
TOTAL_CREEP_MOVES_T = 48659
TOTAL_CREEP_MOVES_P = 48824
TOTAL_LIMIT_SEEKS_T = 499
TOTAL_LIMIT_SEEKS_P = 538
LAST_PRIMARY_HARDSTOP_DIR_T = -1.0
LAST_PRIMARY_HARDSTOP_DIR_P = 1.0
LAST_MOVE_CMD = 'dXdY; (auto backlash backup); (auto final creep)'
LAST_MOVE_VAL1 = '6.48133e-05; 3; -3.00013'
LAST_MOVE_VAL2 = '-0.0032867; -3; 3.00014'
LAST_MEAS_OBS_X = 65.50320650442336
LAST_MEAS_OBS_Y = 51.9752343030713
