# Template file for configuration of individual fiber positioner unit.

# ID
POS_ID = 'M00058'
CAN_ID = 358
DEVICE_ID = -1
PETAL_ID = -1

# STATE
POS_T = -156.75849095521772
POS_P = 58.731445568027347
GENERAL_SETTINGS_FILE = '_genl_settings_DEFAULT.conf'

# CALIBRATION
LENGTH_R1 = 3.0606959556916005
LENGTH_R2 = 3.0269977533654946
OFFSET_T = 163.28809104703416
OFFSET_P = -1.6559964319339835
GEAR_CALIB_T = 1.0
GEAR_CALIB_P = 1.0
GEAR_TYPE_T = 'namiki'
GEAR_TYPE_P = 'namiki'
OFFSET_X = 44.664899787744865
OFFSET_Y = 31.056041796815421
PHYSICAL_RANGE_T = 393.69602512031292
PHYSICAL_RANGE_P = 184.29998604576917
MOTOR_CCW_DIR_T = -1
MOTOR_CCW_DIR_P = -1
MOTOR_ID_T = 1
MOTOR_ID_P = 0

# HISTORY
TOTAL_MOVE_SEQUENCES = 5488
TOTAL_CRUISE_MOVES_T = 1853
TOTAL_CRUISE_MOVES_P = 1853
TOTAL_CREEP_MOVES_T = 14464
TOTAL_CREEP_MOVES_P = 14464
TOTAL_LIMIT_SEEKS_T = 100
TOTAL_LIMIT_SEEKS_P = 119
LAST_PRIMARY_HARDSTOP_DIR_T = -1.0
LAST_PRIMARY_HARDSTOP_DIR_P = 1.0
LAST_MOVE_CMD = 'dXdY; (auto backlash backup); (auto final creep)'
LAST_MOVE_VAL1 = '0.000998137; 3; -2.99995'
LAST_MOVE_VAL2 = '-0.000266996; -3; 2.99992'
LAST_MEAS_OBS_X = 49.02080844498066
LAST_MEAS_OBS_Y = 34.167102705168666
