# Template file for configuration of individual fiber positioner unit.

# ID
POS_ID = 'M00240'
CAN_ID = 69
DEVICE_ID = -1
PETAL_ID = -1

# STATE
POS_T = -12.519142972012855
POS_P = 40.50883413214612
GENERAL_SETTINGS_FILE = '_genl_settings_DEFAULT.conf'

# CALIBRATION
LENGTH_R1 = 3.1062517952021071
LENGTH_R2 = 3.0346044079675947
OFFSET_T = -6.5086523364831432
OFFSET_P = -2.0662262724779765
GEAR_CALIB_T = 1.0
GEAR_CALIB_P = 1.0
GEAR_TYPE_T = 'namiki'
GEAR_TYPE_P = 'namiki'
OFFSET_X = 44.932374134276976
OFFSET_Y = 48.509697257689041
PHYSICAL_RANGE_T = 393.47190372180313
PHYSICAL_RANGE_P = 188.40893309270291
MOTOR_CCW_DIR_T = -1
MOTOR_CCW_DIR_P = -1
MOTOR_ID_T = 1
MOTOR_ID_P = 0

# HISTORY
TOTAL_MOVE_SEQUENCES = 2550
TOTAL_CRUISE_MOVES_T = 551
TOTAL_CRUISE_MOVES_P = 555
TOTAL_CREEP_MOVES_T = 7064
TOTAL_CREEP_MOVES_P = 7060
TOTAL_LIMIT_SEEKS_T = 20
TOTAL_LIMIT_SEEKS_P = 24
LAST_PRIMARY_HARDSTOP_DIR_T = -1.0
LAST_PRIMARY_HARDSTOP_DIR_P = 1.0
LAST_MOVE_CMD = 'dXdY; (auto backlash backup); (auto final creep)'
LAST_MOVE_VAL1 = '-0.000636622; 3; -3'
LAST_MOVE_VAL2 = '0.000100477; -3; 3.00001'
LAST_MEAS_OBS_X = 50.73268218737863
LAST_MEAS_OBS_Y = 48.50883586315322
