# Template file for configuration of individual fiber positioner unit.

# ID
POS_ID = 'M00188'
CAN_ID = 282
DEVICE_ID = -1
PETAL_ID = -1

# STATE
POS_T = 82.879249306605146
POS_P = 40.136142836318797
GENERAL_SETTINGS_FILE = '_genl_settings_DEFAULT.conf'

# CALIBRATION
LENGTH_R1 = 3.0240036376051616
LENGTH_R2 = 3.0958497108316809
OFFSET_T = -101.82425937246772
OFFSET_P = -2.1555217593836637
GEAR_CALIB_T = 1.0
GEAR_CALIB_P = 1.0
GEAR_TYPE_T = 'namiki'
GEAR_TYPE_P = 'namiki'
OFFSET_X = 66.695292827808231
OFFSET_Y = 26.11864128481572
PHYSICAL_RANGE_T = 390.3746280534566
PHYSICAL_RANGE_P = 187.84264883080004
MOTOR_CCW_DIR_T = -1
MOTOR_CCW_DIR_P = -1
MOTOR_ID_T = 1
MOTOR_ID_P = 0

# HISTORY
TOTAL_MOVE_SEQUENCES = 4340
TOTAL_CRUISE_MOVES_T = 832
TOTAL_CRUISE_MOVES_P = 820
TOTAL_CREEP_MOVES_T = 12161
TOTAL_CREEP_MOVES_P = 12173
TOTAL_LIMIT_SEEKS_T = 12
TOTAL_LIMIT_SEEKS_P = 15
LAST_PRIMARY_HARDSTOP_DIR_T = -1.0
LAST_PRIMARY_HARDSTOP_DIR_P = 1.0
LAST_MOVE_CMD = 'dXdY; (auto backlash backup); (auto final creep)'
LAST_MOVE_VAL1 = '-1.38945e-05; 3; -3.00003'
LAST_MOVE_VAL2 = '0.000633999; -3; 3.0001'
LAST_MEAS_OBS_X = 72.4959251841309
LAST_MEAS_OBS_Y = 26.118102214585853
