# Configuration file for unit M00318.

#ID
POS_ID = 'M00318'
CAN_ID = 249
DEVICE_ID = -1
PETAL_ID = -1

# STATE
POS_T = 179.9999220343081
POS_P = -2.9999719753086751
GENERAL_SETTINGS_FILE = '_genl_settings_DEFAULT.conf'

# CALIBRATION
LENGTH_R1 = 2.9479344970484469
LENGTH_R2 = 3.1125564329116648
OFFSET_T = -40.495325674406061
OFFSET_P = -4.6177077056963469
GEAR_CALIB_T = 1.0
GEAR_CALIB_P = 1.0
GEAR_TYPE_T = 'namiki'
GEAR_TYPE_P = 'namiki'
OFFSET_X = 30.762314248255329
OFFSET_Y = 16.020673672989428
PHYSICAL_RANGE_T = 394.60053543755669
PHYSICAL_RANGE_P = 190.0
MOTOR_CCW_DIR_T = -1
MOTOR_CCW_DIR_P = -1
MOTOR_ID_T = 1
MOTOR_ID_P = 0

# HISTORY
TOTAL_MOVE_SEQUENCES = 3827
TOTAL_CRUISE_MOVES_T = 1119
TOTAL_CRUISE_MOVES_P = 1023
TOTAL_CREEP_MOVES_T = 10228
TOTAL_CREEP_MOVES_P = 10324
TOTAL_LIMIT_SEEKS_T = 75
TOTAL_LIMIT_SEEKS_P = 87
LAST_PRIMARY_HARDSTOP_DIR_T = -1.0
LAST_PRIMARY_HARDSTOP_DIR_P = 1.0
LAST_MOVE_CMD = 'posTP; (auto backlash backup); (auto final creep)'
LAST_MOVE_VAL1 = '180; 3; -2.99613'
LAST_MOVE_VAL2 = '-3; -3; -4.10218'
LAST_MEAS_OBS_X = 36.56206435581691
LAST_MEAS_OBS_Y = 16.021393741038036
