# Configuration file for unit M00416.

#ID
POS_ID = 'M00416'
CAN_ID = 416
DEVICE_ID = -1
PETAL_ID = -1

# STATE
POS_T = 30.323594565928516
POS_P = 38.333094814814459
GENERAL_SETTINGS_FILE = '_genl_settings_DEFAULT.conf'

# CALIBRATION
LENGTH_R1 = 2.927432009989487
LENGTH_R2 = 3.0717136290817502
OFFSET_T = -45.672176010354981
OFFSET_P = -8.714627442208311
GEAR_CALIB_T = 1.0
GEAR_CALIB_P = 1.0
GEAR_TYPE_T = 'namiki'
GEAR_TYPE_P = 'namiki'
OFFSET_X = 37.798241151114198
OFFSET_Y = 31.852714621893472
PHYSICAL_RANGE_T = 392.93774543604343
PHYSICAL_RANGE_P = 190.0
MOTOR_CCW_DIR_T = -1
MOTOR_CCW_DIR_P = -1
MOTOR_ID_T = 1
MOTOR_ID_P = 0

# HISTORY
TOTAL_MOVE_SEQUENCES = 2155
TOTAL_CRUISE_MOVES_T = 414
TOTAL_CRUISE_MOVES_P = 422
TOTAL_CREEP_MOVES_T = 6042
TOTAL_CREEP_MOVES_P = 6034
TOTAL_LIMIT_SEEKS_T = 5
TOTAL_LIMIT_SEEKS_P = 6
LAST_PRIMARY_HARDSTOP_DIR_T = -1.0
LAST_PRIMARY_HARDSTOP_DIR_P = 1.0
LAST_MOVE_CMD = 'dXdY; (auto backlash backup); (auto final creep)'
LAST_MOVE_VAL1 = '-8.14176e-05; 0; -0.000126655'
LAST_MOVE_VAL2 = '0.000307215; -3; 3'
LAST_MEAS_OBS_X = 43.597972065011696
LAST_MEAS_OBS_Y = 31.850797467079822
