# Configuration file for unit M00407.

#ID
POS_ID = 'M00407'
CAN_ID = 66
DEVICE_ID = -1
PETAL_ID = -1

# STATE
POS_T = 180.00008110690584
POS_P = -2.999971975308739
GENERAL_SETTINGS_FILE = '_genl_settings_DEFAULT.conf'

# CALIBRATION
LENGTH_R1 = 3.0286835730808028
LENGTH_R2 = 3.0600244632683959
OFFSET_T = -37.32535141766251
OFFSET_P = -3.2309124428682239
GEAR_CALIB_T = 1.0
GEAR_CALIB_P = 1.0
GEAR_TYPE_T = 'namiki'
GEAR_TYPE_P = 'namiki'
OFFSET_X = 52.627158972753826
OFFSET_Y = 31.936095588928737
PHYSICAL_RANGE_T = 394.5373763047071
PHYSICAL_RANGE_P = 190.0
MOTOR_CCW_DIR_T = -1
MOTOR_CCW_DIR_P = -1
MOTOR_ID_T = 1
MOTOR_ID_P = 0

# HISTORY
TOTAL_MOVE_SEQUENCES = 3437
TOTAL_CRUISE_MOVES_T = 933
TOTAL_CRUISE_MOVES_P = 859
TOTAL_CREEP_MOVES_T = 9289
TOTAL_CREEP_MOVES_P = 9363
TOTAL_LIMIT_SEEKS_T = 50
TOTAL_LIMIT_SEEKS_P = 60
LAST_PRIMARY_HARDSTOP_DIR_T = -1.0
LAST_PRIMARY_HARDSTOP_DIR_P = 1.0
LAST_MOVE_CMD = 'posTP; (auto backlash backup); (auto final creep)'
LAST_MOVE_VAL1 = '180; 3; -3.00192'
LAST_MOVE_VAL2 = '-3; -3; -4.09833'
LAST_MEAS_OBS_X = 58.427404239309354
LAST_MEAS_OBS_Y = 31.935589864576993
