# Template file for configuration of individual fiber positioner unit.

# ID
POS_ID = 'M00051'
CAN_ID = 85
DEVICE_ID = -1
PETAL_ID = -1

# STATE
POS_T = -29.981361087831743
POS_P = 28.681074814815013
GENERAL_SETTINGS_FILE = '_genl_settings_DEFAULT.conf'

# CALIBRATION
LENGTH_R1 = 2.8918193868331579
LENGTH_R2 = 3.039926776532885
OFFSET_T = 17.547775593614265
OFFSET_P = -3.7141217732030896
GEAR_CALIB_T = 1.0
GEAR_CALIB_P = 1.0
GEAR_TYPE_T = 'namiki'
GEAR_TYPE_P = 'namiki'
OFFSET_X = 41.619636037876113
OFFSET_Y = 31.85671273412213
PHYSICAL_RANGE_T = 392.6830952620839
PHYSICAL_RANGE_P = 190.0
MOTOR_CCW_DIR_T = -1
MOTOR_CCW_DIR_P = -1
MOTOR_ID_T = 1
MOTOR_ID_P = 0

# HISTORY
TOTAL_MOVE_SEQUENCES = 6669
TOTAL_CRUISE_MOVES_T = 1372
TOTAL_CRUISE_MOVES_P = 1387
TOTAL_CREEP_MOVES_T = 18582
TOTAL_CREEP_MOVES_P = 18567
TOTAL_LIMIT_SEEKS_T = 31
TOTAL_LIMIT_SEEKS_P = 37
LAST_PRIMARY_HARDSTOP_DIR_T = -1.0
LAST_PRIMARY_HARDSTOP_DIR_P = 1.0
LAST_MOVE_CMD = 'dXdY; (auto backlash backup); (auto final creep)'
LAST_MOVE_VAL1 = '-0.000469681; 3; -3.0001'
LAST_MOVE_VAL2 = '0.000539732; -3; 3'
LAST_MEAS_OBS_X = 47.419693800998736
LAST_MEAS_OBS_Y = 31.857740860368313
