# Configuration file for unit M00386.

#ID
POS_ID = 'M00386'
CAN_ID = 348
DEVICE_ID = -1
PETAL_ID = -1

# STATE
POS_T = -180.00003115841935
POS_P = -2.9999719753088456
GENERAL_SETTINGS_FILE = '_genl_settings_DEFAULT.conf'

# CALIBRATION
LENGTH_R1 = 2.90396858477422
LENGTH_R2 = 3.0831119044980886
OFFSET_T = 139.82260083173074
OFFSET_P = -7.1128722475903885
GEAR_CALIB_T = 1.0
GEAR_CALIB_P = 1.0
GEAR_TYPE_T = 'namiki'
GEAR_TYPE_P = 'namiki'
OFFSET_X = 30.592148400222278
OFFSET_Y = 16.001173897872953
PHYSICAL_RANGE_T = 393.93821688473975
PHYSICAL_RANGE_P = 190.0
MOTOR_CCW_DIR_T = -1
MOTOR_CCW_DIR_P = -1
MOTOR_ID_T = 1
MOTOR_ID_P = 0

# HISTORY
TOTAL_MOVE_SEQUENCES = 2491
TOTAL_CRUISE_MOVES_T = 610
TOTAL_CRUISE_MOVES_P = 613
TOTAL_CREEP_MOVES_T = 6837
TOTAL_CREEP_MOVES_P = 6834
TOTAL_LIMIT_SEEKS_T = 15
TOTAL_LIMIT_SEEKS_P = 18
LAST_PRIMARY_HARDSTOP_DIR_T = -1.0
LAST_PRIMARY_HARDSTOP_DIR_P = 1.0
LAST_MOVE_CMD = 'posTP; (auto backlash backup); (auto final creep)'
LAST_MOVE_VAL1 = '180; 3; -3.00211'
LAST_MOVE_VAL2 = '-3; -3; -4.10307'
LAST_MEAS_OBS_X = 36.391585768710286
LAST_MEAS_OBS_Y = 16.001139711842416
