# Template file for configuration of individual fiber positioner unit.

# ID
POS_ID = 'M00055'
CAN_ID = 74
DEVICE_ID = -1
PETAL_ID = -1

# STATE
POS_T = 0.25497048933019162
POS_P = 34.951834691357924
GENERAL_SETTINGS_FILE = '_genl_settings_DEFAULT.conf'

# CALIBRATION
LENGTH_R1 = 3.0092628499124263
LENGTH_R2 = 2.993970306675521
OFFSET_T = -15.591486173470479
OFFSET_P = -4.6508490083943173
GEAR_CALIB_T = 1.0
GEAR_CALIB_P = 1.0
GEAR_TYPE_T = 'namiki'
GEAR_TYPE_P = 'namiki'
OFFSET_X = 62.140352388873296
OFFSET_Y = 41.902327747679792
PHYSICAL_RANGE_T = 388.43414519417865
PHYSICAL_RANGE_P = 190.0
MOTOR_CCW_DIR_T = -1
MOTOR_CCW_DIR_P = -1
MOTOR_ID_T = 1
MOTOR_ID_P = 0

# HISTORY
TOTAL_MOVE_SEQUENCES = 2153
TOTAL_CRUISE_MOVES_T = 407
TOTAL_CRUISE_MOVES_P = 415
TOTAL_CREEP_MOVES_T = 6043
TOTAL_CREEP_MOVES_P = 6035
TOTAL_LIMIT_SEEKS_T = 5
TOTAL_LIMIT_SEEKS_P = 6
LAST_PRIMARY_HARDSTOP_DIR_T = -1.0
LAST_PRIMARY_HARDSTOP_DIR_P = 1.0
LAST_MOVE_CMD = 'dXdY; (auto backlash backup); (auto final creep)'
LAST_MOVE_VAL1 = '-3.4806e-05; 3; -3.00015'
LAST_MOVE_VAL2 = '-0.000304112; -3; 3.00015'
LAST_MEAS_OBS_X = 67.94050954190602
LAST_MEAS_OBS_Y = 41.90371191128061
