# Configuration file for unit M00318.

#ID
POS_ID = 'M00318'
CAN_ID = 249
DEVICE_ID = -1
PETAL_ID = -1

# STATE
POS_T = 25.13576991954643
POS_P = 39.424512345679055
GENERAL_SETTINGS_FILE = '_genl_settings_DEFAULT.conf'

# CALIBRATION
LENGTH_R1 = 2.9547732793061892
LENGTH_R2 = 3.1150899675417882
OFFSET_T = -42.800069122332438
OFFSET_P = -4.7505032434659711
GEAR_CALIB_T = 1.0
GEAR_CALIB_P = 1.0
GEAR_TYPE_T = 'namiki'
GEAR_TYPE_P = 'namiki'
OFFSET_X = 30.761006645054895
OFFSET_Y = 16.008732111864205
PHYSICAL_RANGE_T = 394.56486213621554
PHYSICAL_RANGE_P = 190.0
MOTOR_CCW_DIR_T = -1
MOTOR_CCW_DIR_P = -1
MOTOR_ID_T = 1
MOTOR_ID_P = 0

# HISTORY
TOTAL_MOVE_SEQUENCES = 4589
TOTAL_CRUISE_MOVES_T = 1394
TOTAL_CRUISE_MOVES_P = 1286
TOTAL_CREEP_MOVES_T = 12185
TOTAL_CREEP_MOVES_P = 12293
TOTAL_LIMIT_SEEKS_T = 99
TOTAL_LIMIT_SEEKS_P = 117
LAST_PRIMARY_HARDSTOP_DIR_T = -1.0
LAST_PRIMARY_HARDSTOP_DIR_P = 1.0
LAST_MOVE_CMD = 'dXdY; (auto backlash backup); (auto final creep)'
LAST_MOVE_VAL1 = '-0.000727407; 3; -3'
LAST_MOVE_VAL2 = '-0.000349148; -3; 3.00003'
LAST_MEAS_OBS_X = 36.561107317132745
LAST_MEAS_OBS_Y = 16.009123208277927
