# Settings file for unit: M00013

POS_ID = 'M00013'
CAN_ID = 101
DEVICE_ID = -1
PETAL_ID = -1

# STATE
POS_T = 23.315539847808576
POS_P = 34.005346386827327
GENERAL_SETTINGS_FILE = '_genl_settings_DEFAULT.conf'

# CALIBRATION
LENGTH_R1 = 3.0326149342809607
LENGTH_R2 = 3.0954629213061389
OFFSET_T = -30.944353739598078
OFFSET_P = -0.16232273605217529
GEAR_CALIB_T = 1.0
GEAR_CALIB_P = 1.0
GEAR_TYPE_T = 'namiki'
GEAR_TYPE_P = 'namiki'
OFFSET_X = 14.822956135490662
OFFSET_Y = 52.605230823146762
PHYSICAL_RANGE_T = 392.90948697104886
PHYSICAL_RANGE_P = 187.15914075736396
MOTOR_CCW_DIR_T = -1
MOTOR_CCW_DIR_P = -1
MOTOR_ID_T = 1
MOTOR_ID_P = 0

# HISTORY
TOTAL_MOVE_SEQUENCES = 2171
TOTAL_CRUISE_MOVES_T = 634
TOTAL_CRUISE_MOVES_P = 688
TOTAL_CREEP_MOVES_T = 5871
TOTAL_CREEP_MOVES_P = 5817
TOTAL_LIMIT_SEEKS_T = 6
TOTAL_LIMIT_SEEKS_P = 7
LAST_PRIMARY_HARDSTOP_DIR_T = -1.0
LAST_PRIMARY_HARDSTOP_DIR_P = 1.0
LAST_MOVE_CMD = 'dXdY; (auto backlash backup); (auto final creep)'
LAST_MOVE_VAL1 = '0.0146784; 3; -3.00015'
LAST_MOVE_VAL2 = '-0.0502777; -3; 3.0001'
LAST_MEAS_OBS_X = 20.614074744046466
LAST_MEAS_OBS_Y = 52.6076250055385
