# Configuration file for unit M00357.

#ID
POS_ID = 'M00357'
CAN_ID = 21
DEVICE_ID = -1
PETAL_ID = -1

# STATE
POS_T = -179.99995957672888
POS_P = -2.9999719753086467
GENERAL_SETTINGS_FILE = '_genl_settings_DEFAULT.conf'

# CALIBRATION
LENGTH_R1 = 3.0262400176110744
LENGTH_R2 = 3.0796445299029021
OFFSET_T = -17.833157941609656
OFFSET_P = -3.5538100028328756
GEAR_CALIB_T = 1.0
GEAR_CALIB_P = 1.0
GEAR_TYPE_T = 'namiki'
GEAR_TYPE_P = 'namiki'
OFFSET_X = 37.834870319375938
OFFSET_Y = 31.836107773691822
PHYSICAL_RANGE_T = 395.14390927691397
PHYSICAL_RANGE_P = 190.0
MOTOR_CCW_DIR_T = -1
MOTOR_CCW_DIR_P = -1
MOTOR_ID_T = 1
MOTOR_ID_P = 0

# HISTORY
TOTAL_MOVE_SEQUENCES = 955
TOTAL_CRUISE_MOVES_T = 407
TOTAL_CRUISE_MOVES_P = 350
TOTAL_CREEP_MOVES_T = 2396
TOTAL_CREEP_MOVES_P = 2453
TOTAL_LIMIT_SEEKS_T = 37
TOTAL_LIMIT_SEEKS_P = 44
LAST_PRIMARY_HARDSTOP_DIR_T = -1.0
LAST_PRIMARY_HARDSTOP_DIR_P = 1.0
LAST_MOVE_CMD = 'posTP; (auto backlash backup); (auto final creep)'
LAST_MOVE_VAL1 = '180; 3; -2.99744'
LAST_MOVE_VAL2 = '-3; -3; -4.09951'
LAST_MEAS_OBS_X = 43.63430069307935
LAST_MEAS_OBS_Y = 31.834756389583774
