# Template file for configuration of individual fiber positioner unit.

# ID
POS_ID = 'M00088'
CAN_ID = 88
DEVICE_ID = -1
PETAL_ID = -1

# STATE
POS_T = 48.936209332026202
POS_P = 91.32999894998224
GENERAL_SETTINGS_FILE = '_genl_settings_DEFAULT.conf'

# CALIBRATION
LENGTH_R1 = 2.8549213637014348
LENGTH_R2 = 3.1236778688065021
OFFSET_T = 4.1527888884649675
OFFSET_P = -5.9934636827212131
GEAR_CALIB_T = 1.0
GEAR_CALIB_P = 1.0
GEAR_TYPE_T = 'namiki'
GEAR_TYPE_P = 'namiki'
OFFSET_X = 70.105752965629151
OFFSET_Y = 21.502087658230618
PHYSICAL_RANGE_T = 391.85971911372565
PHYSICAL_RANGE_P = 187.57386588039105
MOTOR_CCW_DIR_T = -1
MOTOR_CCW_DIR_P = -1
MOTOR_ID_T = 1
MOTOR_ID_P = 0

# HISTORY
TOTAL_MOVE_SEQUENCES = 3008
TOTAL_CRUISE_MOVES_T = 1254
TOTAL_CRUISE_MOVES_P = 1072
TOTAL_CREEP_MOVES_T = 7692
TOTAL_CREEP_MOVES_P = 7874
TOTAL_LIMIT_SEEKS_T = 46
TOTAL_LIMIT_SEEKS_P = 55
LAST_PRIMARY_HARDSTOP_DIR_T = -1.0
LAST_PRIMARY_HARDSTOP_DIR_P = 1.0
LAST_MOVE_CMD = 'obsXY; (auto backlash backup); (auto final creep)'
LAST_MOVE_VAL1 = '69.4835; 3; -3.00234'
LAST_MOVE_VAL2 = '25.8576; -3; 3.0001'
LAST_MEAS_OBS_X = 69.48358931642792
LAST_MEAS_OBS_Y = 24.612525369183135
