# Configuration file for unit M00318.

#ID
POS_ID = 'M00318'
CAN_ID = 249
DEVICE_ID = -1
PETAL_ID = -1

# STATE
POS_T = 25.012485712188703
POS_P = 39.410877037036933
GENERAL_SETTINGS_FILE = '_genl_settings_DEFAULT.conf'

# CALIBRATION
LENGTH_R1 = 2.9552990551782288
LENGTH_R2 = 3.1148957764911276
OFFSET_T = -42.655063807662103
OFFSET_P = -4.7361308342740074
GEAR_CALIB_T = 1.0
GEAR_CALIB_P = 1.0
GEAR_TYPE_T = 'namiki'
GEAR_TYPE_P = 'namiki'
OFFSET_X = 30.761747458447854
OFFSET_Y = 16.007643738077778
PHYSICAL_RANGE_T = 394.43497746451163
PHYSICAL_RANGE_P = 190.0
MOTOR_CCW_DIR_T = -1
MOTOR_CCW_DIR_P = -1
MOTOR_ID_T = 1
MOTOR_ID_P = 0

# HISTORY
TOTAL_MOVE_SEQUENCES = 4753
TOTAL_CRUISE_MOVES_T = 1449
TOTAL_CRUISE_MOVES_P = 1339
TOTAL_CREEP_MOVES_T = 12613
TOTAL_CREEP_MOVES_P = 12723
TOTAL_LIMIT_SEEKS_T = 103
TOTAL_LIMIT_SEEKS_P = 122
LAST_PRIMARY_HARDSTOP_DIR_T = -1.0
LAST_PRIMARY_HARDSTOP_DIR_P = 1.0
LAST_MOVE_CMD = 'dXdY; (auto backlash backup); (auto final creep)'
LAST_MOVE_VAL1 = '-0.000103772; 3; -3.00009'
LAST_MOVE_VAL2 = '-0.000465149; -3; 3.00021'
LAST_MEAS_OBS_X = 36.56209761938873
LAST_MEAS_OBS_Y = 16.00777524874896
