# Template file for configuration of individual fiber positioner unit.

# ID
POS_ID = 'M00058'
CAN_ID = 358
DEVICE_ID = -1
PETAL_ID = -1

# STATE
POS_T = 172.44771070921405
POS_P = 46.012519931851784
GENERAL_SETTINGS_FILE = '_genl_settings_DEFAULT.conf'

# CALIBRATION
LENGTH_R1 = 3.0562560307615141
LENGTH_R2 = 3.0259645698181497
OFFSET_T = 164.25000904070123
OFFSET_P = -0.40853250427867865
GEAR_CALIB_T = 1.0
GEAR_CALIB_P = 1.0
GEAR_TYPE_T = 'namiki'
GEAR_TYPE_P = 'namiki'
OFFSET_X = 44.680843806492838
OFFSET_Y = 30.884468375833869
PHYSICAL_RANGE_T = 393.86843635935037
PHYSICAL_RANGE_P = 184.33127615014348
MOTOR_CCW_DIR_T = -1
MOTOR_CCW_DIR_P = -1
MOTOR_ID_T = 1
MOTOR_ID_P = 0

# HISTORY
TOTAL_MOVE_SEQUENCES = 1927
TOTAL_CRUISE_MOVES_T = 694
TOTAL_CRUISE_MOVES_P = 655
TOTAL_CREEP_MOVES_T = 5012
TOTAL_CREEP_MOVES_P = 5051
TOTAL_LIMIT_SEEKS_T = 63
TOTAL_LIMIT_SEEKS_P = 73
LAST_PRIMARY_HARDSTOP_DIR_T = -1.0
LAST_PRIMARY_HARDSTOP_DIR_P = 1.0
LAST_MOVE_CMD = 'dXdY; (auto backlash backup); (auto final creep)'
LAST_MOVE_VAL1 = '-0.000454343; 3; -3'
LAST_MOVE_VAL2 = '0.00120453; -3; 2.99997'
LAST_MEAS_OBS_X = 50.280905332995836
LAST_MEAS_OBS_Y = 30.884295340013807
