# Template file for configuration of individual fiber positioner unit.

# ID
POS_ID = 'M00059'
CAN_ID = 302
DEVICE_ID = -1
PETAL_ID = -1

# STATE
POS_T = 55.26340132654326
POS_P = 48.430932266966259
GENERAL_SETTINGS_FILE = '_genl_settings_DEFAULT.conf'

# CALIBRATION
LENGTH_R1 = 2.6782443245264744
LENGTH_R2 = 3.083211720545278
OFFSET_T = -43.093426648791628
OFFSET_P = -5.7321150236915761
GEAR_CALIB_T = 1.0
GEAR_CALIB_P = 1.0
GEAR_TYPE_T = 'namiki'
GEAR_TYPE_P = 'namiki'
OFFSET_X = 44.120843717903618
OFFSET_Y = 10.749974152707232
PHYSICAL_RANGE_T = 394.28776500123524
PHYSICAL_RANGE_P = 183.58386187335432
MOTOR_CCW_DIR_T = -1
MOTOR_CCW_DIR_P = -1
MOTOR_ID_T = 1
MOTOR_ID_P = 0

# HISTORY
TOTAL_MOVE_SEQUENCES = 6879
TOTAL_CRUISE_MOVES_T = 1718
TOTAL_CRUISE_MOVES_P = 1745
TOTAL_CREEP_MOVES_T = 18842
TOTAL_CREEP_MOVES_P = 18815
TOTAL_LIMIT_SEEKS_T = 43
TOTAL_LIMIT_SEEKS_P = 52
LAST_PRIMARY_HARDSTOP_DIR_T = -1.0
LAST_PRIMARY_HARDSTOP_DIR_P = 1.0
LAST_MOVE_CMD = 'dXdY; (auto backlash backup); (auto final creep)'
LAST_MOVE_VAL1 = '0.000308381; 3; -3.00009'
LAST_MOVE_VAL2 = '4.61813e-05; -3; 3.00016'
LAST_MEAS_OBS_X = 48.476255084716065
LAST_MEAS_OBS_Y = 13.860736904738696
