# Settings file for unit: M00414

POS_ID = 'M00414'
CAN_ID = 414
DEVICE_ID = -1
PETAL_ID = -1

# STATE
POS_T = 45.842218789028252
POS_P = 107.19174109364891
GENERAL_SETTINGS_FILE = '_genl_settings_DEFAULT.conf'

# CALIBRATION
LENGTH_R1 = 2.9990677994209927
LENGTH_R2 = 3.0840343348799366
OFFSET_T = 48.510515283038245
OFFSET_P = -0.91218635582978846
GEAR_CALIB_T = 1.0
GEAR_CALIB_P = 1.0
GEAR_TYPE_T = 'namiki'
GEAR_TYPE_P = 'namiki'
OFFSET_X = 27.105544750010544
OFFSET_Y = 10.52039166245831
PHYSICAL_RANGE_T = 394.82206044663508
PHYSICAL_RANGE_P = 185.1932510111682
MOTOR_CCW_DIR_T = -1
MOTOR_CCW_DIR_P = -1
MOTOR_ID_T = 1
MOTOR_ID_P = 0

# HISTORY
TOTAL_MOVE_SEQUENCES = 973
TOTAL_CRUISE_MOVES_T = 577
TOTAL_CRUISE_MOVES_P = 581
TOTAL_CREEP_MOVES_T = 2288
TOTAL_CREEP_MOVES_P = 2284
TOTAL_LIMIT_SEEKS_T = 44
TOTAL_LIMIT_SEEKS_P = 52
LAST_PRIMARY_HARDSTOP_DIR_T = -1.0
LAST_PRIMARY_HARDSTOP_DIR_P = 1.0
LAST_MOVE_CMD = 'dXdY; (auto backlash backup); (auto final creep)'
LAST_MOVE_VAL1 = '-2.19271e-05; 3; -2.99997'
LAST_MOVE_VAL2 = '2.35352e-06; -3; 3.00019'
LAST_MEAS_OBS_X = 23.994204399095054
LAST_MEAS_OBS_Y = 12.386692521516938
