# Template file for configuration of individual fiber positioner unit.

# ID
POS_ID = 'M00228'
CAN_ID = 483
DEVICE_ID = -1
PETAL_ID = -1

# STATE
POS_T = 101.80589249556203
POS_P = 34.546577797947393
GENERAL_SETTINGS_FILE = '_genl_settings_DEFAULT.conf'

# CALIBRATION
LENGTH_R1 = 3.0621584551476366
LENGTH_R2 = 2.9832234328813843
OFFSET_T = -118.47980446938519
OFFSET_P = -1.3431736458466901
GEAR_CALIB_T = 1.0
GEAR_CALIB_P = 1.0
GEAR_TYPE_T = 'namiki'
GEAR_TYPE_P = 'namiki'
OFFSET_X = 52.741267459240454
OFFSET_Y = 32.134401190663368
PHYSICAL_RANGE_T = 393.90509624344378
PHYSICAL_RANGE_P = 184.75930704119884
MOTOR_CCW_DIR_T = -1
MOTOR_CCW_DIR_P = -1
MOTOR_ID_T = 1
MOTOR_ID_P = 0

# HISTORY
TOTAL_MOVE_SEQUENCES = 2652
TOTAL_CRUISE_MOVES_T = 618
TOTAL_CRUISE_MOVES_P = 606
TOTAL_CREEP_MOVES_T = 7287
TOTAL_CREEP_MOVES_P = 7299
TOTAL_LIMIT_SEEKS_T = 26
TOTAL_LIMIT_SEEKS_P = 32
LAST_PRIMARY_HARDSTOP_DIR_T = -1.0
LAST_PRIMARY_HARDSTOP_DIR_P = 1.0
LAST_MOVE_CMD = 'dXdY; (auto backlash backup); (auto final creep)'
LAST_MOVE_VAL1 = '0.000203182; 3; -3.00006'
LAST_MOVE_VAL2 = '0.000688459; -3; 3.00016'
LAST_MEAS_OBS_X = 58.542251355549226
LAST_MEAS_OBS_Y = 32.13443203345297
