# Template file for configuration of individual fiber positioner unit.

# ID
POS_ID = 'M00228'
CAN_ID = 483
DEVICE_ID = -1
PETAL_ID = -1

# STATE
POS_T = 99.769379588246565
POS_P = 34.478014763422109
GENERAL_SETTINGS_FILE = '_genl_settings_DEFAULT.conf'

# CALIBRATION
LENGTH_R1 = 3.0638786924121542
LENGTH_R2 = 2.9837515403096222
OFFSET_T = -116.28827273630161
OFFSET_P = -1.2161016299905612
GEAR_CALIB_T = 1.0
GEAR_CALIB_P = 1.0
GEAR_TYPE_T = 'namiki'
GEAR_TYPE_P = 'namiki'
OFFSET_X = 52.742590740430543
OFFSET_Y = 32.134564442079558
PHYSICAL_RANGE_T = 393.90650032967972
PHYSICAL_RANGE_P = 185.1595324334356
MOTOR_CCW_DIR_T = -1
MOTOR_CCW_DIR_P = -1
MOTOR_ID_T = 1
MOTOR_ID_P = 0

# HISTORY
TOTAL_MOVE_SEQUENCES = 3636
TOTAL_CRUISE_MOVES_T = 948
TOTAL_CRUISE_MOVES_P = 918
TOTAL_CREEP_MOVES_T = 9860
TOTAL_CREEP_MOVES_P = 9890
TOTAL_LIMIT_SEEKS_T = 50
TOTAL_LIMIT_SEEKS_P = 62
LAST_PRIMARY_HARDSTOP_DIR_T = -1.0
LAST_PRIMARY_HARDSTOP_DIR_P = 1.0
LAST_MOVE_CMD = 'dXdY; (auto backlash backup); (auto final creep)'
LAST_MOVE_VAL1 = '0.000134142; 3; -2.99996'
LAST_MOVE_VAL2 = '-0.00185254; -3; 3.00015'
LAST_MEAS_OBS_X = 58.54242236947133
LAST_MEAS_OBS_Y = 32.13566379409205
