# Template file for configuration of individual fiber positioner unit.

# ID
POS_ID = 'M00001'
CAN_ID = 1001
DEVICE_ID = -1
PETAL_ID = -1

# STATE
POS_T = 157.76767295272649
POS_P = 90.808000897072915
GENERAL_SETTINGS_FILE = '_genl_settings_DEFAULT.conf'

# CALIBRATION
LENGTH_R1 = 3.0453201556959892
LENGTH_R2 = 3.0735333514338059
OFFSET_T = -13.065333305839943
OFFSET_P = -0.56606640846521827
GEAR_CALIB_T = 1.0
GEAR_CALIB_P = 1.0
GEAR_TYPE_T = 'namiki'
GEAR_TYPE_P = 'namiki'
OFFSET_X = 44.840785576537527
OFFSET_Y = 52.274896123795813
PHYSICAL_RANGE_T = 392.25857606985568
PHYSICAL_RANGE_P = 188.07298594167489
MOTOR_CCW_DIR_T = -1
MOTOR_CCW_DIR_P = -1
MOTOR_ID_T = 1
MOTOR_ID_P = 0

# HISTORY
TOTAL_MOVE_SEQUENCES = 588
TOTAL_CRUISE_MOVES_T = 346
TOTAL_CRUISE_MOVES_P = 313
TOTAL_CREEP_MOVES_T = 1347
TOTAL_CREEP_MOVES_P = 1380
TOTAL_LIMIT_SEEKS_T = 29
TOTAL_LIMIT_SEEKS_P = 34
LAST_PRIMARY_HARDSTOP_DIR_T = -1.0
LAST_PRIMARY_HARDSTOP_DIR_P = 1.0
LAST_MOVE_CMD = 'dXdY; (auto backlash backup); (auto final creep)'
LAST_MOVE_VAL1 = '0.0345035; 3; -3.0001'
LAST_MOVE_VAL2 = '-0.0155319; -3; 3.00009'
LAST_MEAS_OBS_X = 40.97671186192863
LAST_MEAS_OBS_Y = 50.35083059198074
