# Template file for configuration of individual fiber positioner unit.

# ID
POS_ID = 'M00057'
CAN_ID = 57
DEVICE_ID = -1
PETAL_ID = -1

# STATE
POS_T = 23.355277376105697
POS_P = 52.691179757824919
GENERAL_SETTINGS_FILE = '_genl_settings_DEFAULT.conf'

# CALIBRATION
LENGTH_R1 = 2.9938280268925146
LENGTH_R2 = 3.0251006592687681
OFFSET_T = -15.224354494459655
OFFSET_P = 0.47904567105323825
GEAR_CALIB_T = 1.0
GEAR_CALIB_P = 1.0
GEAR_TYPE_T = 'namiki'
GEAR_TYPE_P = 'namiki'
OFFSET_X = 44.058974673902696
OFFSET_Y = 31.704346134013488
PHYSICAL_RANGE_T = 392.9136022848262
PHYSICAL_RANGE_P = 184.3411834441182
MOTOR_CCW_DIR_T = -1
MOTOR_CCW_DIR_P = -1
MOTOR_ID_T = 1
MOTOR_ID_P = 0

# HISTORY
TOTAL_MOVE_SEQUENCES = 5819
TOTAL_CRUISE_MOVES_T = 1376
TOTAL_CRUISE_MOVES_P = 1384
TOTAL_CREEP_MOVES_T = 16003
TOTAL_CREEP_MOVES_P = 15995
TOTAL_LIMIT_SEEKS_T = 40
TOTAL_LIMIT_SEEKS_P = 49
LAST_PRIMARY_HARDSTOP_DIR_T = -1.0
LAST_PRIMARY_HARDSTOP_DIR_P = 1.0
LAST_MOVE_CMD = 'dXdY; (auto backlash backup); (auto final creep)'
LAST_MOVE_VAL1 = '-0.000348952; 3; -3.0002'
LAST_MOVE_VAL2 = '0.000467432; -3; 2.99999'
LAST_MEAS_OBS_X = 48.414523674564066
LAST_MEAS_OBS_Y = 34.8151005612634
