# Template file for configuration of individual fiber positioner unit.

# ID
POS_ID = 'M00265'
CAN_ID = 204
DEVICE_ID = -1
PETAL_ID = -1

# STATE
POS_T = 100.2186433527868
POS_P = 34.042429360427519
GENERAL_SETTINGS_FILE = '_genl_settings_DEFAULT.conf'

# CALIBRATION
LENGTH_R1 = 2.9833686284362075
LENGTH_R2 = 3.0841307156249154
OFFSET_T = -117.95343338803845
OFFSET_P = 0.45777132468722925
GEAR_CALIB_T = 1.0
GEAR_CALIB_P = 1.0
GEAR_TYPE_T = 'namiki'
GEAR_TYPE_P = 'namiki'
OFFSET_X = 30.201997058631076
OFFSET_Y = 47.950943424836318
PHYSICAL_RANGE_T = 393.52137181294518
PHYSICAL_RANGE_P = 183.84166564652242
MOTOR_CCW_DIR_T = -1
MOTOR_CCW_DIR_P = -1
MOTOR_ID_T = 1
MOTOR_ID_P = 0

# HISTORY
TOTAL_MOVE_SEQUENCES = 3471
TOTAL_CRUISE_MOVES_T = 963
TOTAL_CRUISE_MOVES_P = 891
TOTAL_CREEP_MOVES_T = 9360
TOTAL_CREEP_MOVES_P = 9432
TOTAL_LIMIT_SEEKS_T = 46
TOTAL_LIMIT_SEEKS_P = 57
LAST_PRIMARY_HARDSTOP_DIR_T = -1.0
LAST_PRIMARY_HARDSTOP_DIR_P = 1.0
LAST_MOVE_CMD = 'dXdY; (auto backlash backup); (auto final creep)'
LAST_MOVE_VAL1 = '-0.000340229; 3; -2.99993'
LAST_MOVE_VAL2 = '-0.00956012; -3; 3.00008'
LAST_MEAS_OBS_X = 36.00129142088402
LAST_MEAS_OBS_Y = 47.954765110722306
