# Template file for configuration of individual fiber positioner unit.

# ID
POS_ID = 'M00015'
CAN_ID = 1015
DEVICE_ID = -1
PETAL_ID = -1

# STATE
POS_T = 86.203722515580992
POS_P = 31.720033525267162
GENERAL_SETTINGS_FILE = '_genl_settings_DEFAULT.conf'

# CALIBRATION
LENGTH_R1 = 3.0295051996221272
LENGTH_R2 = 3.041847854887374
OFFSET_T = -105.07935546007938
OFFSET_P = -1.8908606428037729
GEAR_CALIB_T = 1.0
GEAR_CALIB_P = 1.0
GEAR_TYPE_T = 'namiki'
GEAR_TYPE_P = 'namiki'
OFFSET_X = 14.751102261839993
OFFSET_Y = 20.51300887839761
PHYSICAL_RANGE_T = 393.76719719106035
PHYSICAL_RANGE_P = 186.45530297476782
MOTOR_CCW_DIR_T = -1
MOTOR_CCW_DIR_P = -1
MOTOR_ID_T = 1
MOTOR_ID_P = 0

# HISTORY
TOTAL_MOVE_SEQUENCES = 5200
TOTAL_CRUISE_MOVES_T = 4223
TOTAL_CRUISE_MOVES_P = 3980
TOTAL_CREEP_MOVES_T = 11080
TOTAL_CREEP_MOVES_P = 11323
TOTAL_LIMIT_SEEKS_T = 148
TOTAL_LIMIT_SEEKS_P = 182
LAST_PRIMARY_HARDSTOP_DIR_T = -1.0
LAST_PRIMARY_HARDSTOP_DIR_P = 1.0
LAST_MOVE_CMD = 'dXdY; (auto backlash backup); (auto final creep)'
LAST_MOVE_VAL1 = '0.00488005; 3; -3.00316'
LAST_MOVE_VAL2 = '0.00788871; -3; 3.0031'
LAST_MEAS_OBS_X = 20.55073055453707
LAST_MEAS_OBS_Y = 20.515806581584233
