# Template file for configuration of individual fiber positioner unit.

# ID
POS_ID = 'M00055'
CAN_ID = 74
DEVICE_ID = -1
PETAL_ID = -1

# STATE
POS_T = 118.18311584759913
POS_P = 35.979028640979323
GENERAL_SETTINGS_FILE = '_genl_settings_DEFAULT.conf'

# CALIBRATION
LENGTH_R1 = 2.9916137481731853
LENGTH_R2 = 2.9970585621198893
OFFSET_T = -140.07707069473534
OFFSET_P = 5.0864329375839281
GEAR_CALIB_T = 1.0
GEAR_CALIB_P = 1.0
GEAR_TYPE_T = 'namiki'
GEAR_TYPE_P = 'namiki'
OFFSET_X = 26.619658865031191
OFFSET_Y = 10.155664014607733
PHYSICAL_RANGE_T = 392.73002435418493
PHYSICAL_RANGE_P = 183.59593677415313
MOTOR_CCW_DIR_T = -1
MOTOR_CCW_DIR_P = -1
MOTOR_ID_T = 1
MOTOR_ID_P = 0

# HISTORY
TOTAL_MOVE_SEQUENCES = 3339
TOTAL_CRUISE_MOVES_T = 877
TOTAL_CRUISE_MOVES_P = 853
TOTAL_CREEP_MOVES_T = 9088
TOTAL_CREEP_MOVES_P = 9112
TOTAL_LIMIT_SEEKS_T = 48
TOTAL_LIMIT_SEEKS_P = 55
LAST_PRIMARY_HARDSTOP_DIR_T = -1.0
LAST_PRIMARY_HARDSTOP_DIR_P = 1.0
LAST_MOVE_CMD = 'dXdY; (auto backlash backup); (auto final creep)'
LAST_MOVE_VAL1 = '-0.000134919; 3; -3.00014'
LAST_MOVE_VAL2 = '0.00220844; -3; 3.00019'
LAST_MEAS_OBS_X = 32.219531033978825
LAST_MEAS_OBS_Y = 10.156382123729342
