# Template file for configuration of individual fiber positioner unit.

# ID
POS_ID = 'M00181'
CAN_ID = 127
DEVICE_ID = -1
PETAL_ID = -1

# STATE
POS_T = 34.550410744200818
POS_P = 32.269123526399099
GENERAL_SETTINGS_FILE = '_genl_settings_DEFAULT.conf'

# CALIBRATION
LENGTH_R1 = 2.8651632435006076
LENGTH_R2 = 3.0440537619457015
OFFSET_T = -46.269196760692097
OFFSET_P = -9.2748348900474085
GEAR_CALIB_T = 1.0
GEAR_CALIB_P = 1.0
GEAR_TYPE_T = 'namiki'
GEAR_TYPE_P = 'namiki'
OFFSET_X = 22.390424601911885
OFFSET_Y = 26.069801927536428
PHYSICAL_RANGE_T = 393.01507357332628
PHYSICAL_RANGE_P = 187.68062645764257
MOTOR_CCW_DIR_T = -1
MOTOR_CCW_DIR_P = -1
MOTOR_ID_T = 1
MOTOR_ID_P = 0

# HISTORY
TOTAL_MOVE_SEQUENCES = 2198
TOTAL_CRUISE_MOVES_T = 428
TOTAL_CRUISE_MOVES_P = 463
TOTAL_CREEP_MOVES_T = 6159
TOTAL_CREEP_MOVES_P = 6124
TOTAL_LIMIT_SEEKS_T = 13
TOTAL_LIMIT_SEEKS_P = 14
LAST_PRIMARY_HARDSTOP_DIR_T = -1.0
LAST_PRIMARY_HARDSTOP_DIR_P = 1.0
LAST_MOVE_CMD = 'dXdY; (auto backlash backup); (auto final creep)'
LAST_MOVE_VAL1 = '-0.000292105; 3; -3.00008'
LAST_MOVE_VAL2 = '-0.000430752; -3; 3.00017'
LAST_MEAS_OBS_X = 28.190296015376045
LAST_MEAS_OBS_Y = 26.06973071057851
