# Template file for configuration of individual fiber positioner unit.

# ID
POS_ID = 'M00228'
CAN_ID = 483
DEVICE_ID = -1
PETAL_ID = -1

# STATE
POS_T = 8.1264053221730137e-05
POS_P = 180.00014103236572
GENERAL_SETTINGS_FILE = '_genl_settings_DEFAULT.conf'

# CALIBRATION
LENGTH_R1 = 3.0512167147124507
LENGTH_R2 = 2.991113706473093
OFFSET_T = -142.3042485205613
OFFSET_P = 1.1201203442767707
GEAR_CALIB_T = 1.0
GEAR_CALIB_P = 1.0
GEAR_TYPE_T = 'namiki'
GEAR_TYPE_P = 'namiki'
OFFSET_X = 76.0504892103821
OFFSET_Y = 48.82472808018462
PHYSICAL_RANGE_T = 393.1169209286838
PHYSICAL_RANGE_P = 184.98336355682284
MOTOR_CCW_DIR_T = -1
MOTOR_CCW_DIR_P = -1
MOTOR_ID_T = 1
MOTOR_ID_P = 0

# HISTORY
TOTAL_MOVE_SEQUENCES = 126
TOTAL_CRUISE_MOVES_T = 73
TOTAL_CRUISE_MOVES_P = 66
TOTAL_CREEP_MOVES_T = 287
TOTAL_CREEP_MOVES_P = 294
TOTAL_LIMIT_SEEKS_T = 10
TOTAL_LIMIT_SEEKS_P = 12
LAST_PRIMARY_HARDSTOP_DIR_T = -1.0
LAST_PRIMARY_HARDSTOP_DIR_P = 1.0
LAST_MOVE_CMD = 'direct_dtdp; (auto backlash backup); (auto final creep)'
LAST_MOVE_VAL1 = '0; 0; 0'
LAST_MOVE_VAL2 = '10; -3; 3.00301'
LAST_MEAS_OBS_X = 75.96672094714894
LAST_MEAS_OBS_Y = 48.833900115383074
