# Settings file for fiber positioner unit: UM00012

POS_ID = 'UM00022'
CAN_ID = 22
DEVICE_ID = -1
PETAL_ID = -1

# STATE
POS_T = -24.308046641098102
POS_P = 36.174453433917208
GENERAL_SETTINGS_FILE = '_genl_settings_DEFAULT.conf'

# CALIBRATION
LENGTH_R1 = 3.0271942598861998
LENGTH_R2 = 2.9902174111816553
OFFSET_T = 8.7407259056764985
OFFSET_P = -4.7562726021833583
GEAR_CALIB_T = 1.0
GEAR_CALIB_P = 1.0
GEAR_TYPE_T = 'namiki'
GEAR_TYPE_P = 'namiki'
OFFSET_X = 37.521604355900095
OFFSET_Y = 12.915057742555589
PHYSICAL_RANGE_T = 382.74446019577567
PHYSICAL_RANGE_P = 188.72707766738148
MOTOR_CCW_DIR_T = 1
MOTOR_CCW_DIR_P = 1
MOTOR_ID_T = 1
MOTOR_ID_P = 0

# HISTORY
TOTAL_MOVE_SEQUENCES = 20357
TOTAL_CRUISE_MOVES_T = 5733
TOTAL_CRUISE_MOVES_P = 5574
TOTAL_CREEP_MOVES_T = 54747
TOTAL_CREEP_MOVES_P = 54906
TOTAL_LIMIT_SEEKS_T = 504
TOTAL_LIMIT_SEEKS_P = 544
LAST_PRIMARY_HARDSTOP_DIR_T = -1.0
LAST_PRIMARY_HARDSTOP_DIR_P = 1.0
LAST_MOVE_CMD = 'dXdY; (auto backlash backup); (auto final creep)'
LAST_MOVE_VAL1 = '-0.000110135; 3; -3.00016'
LAST_MOVE_VAL2 = '0.00121582; -3; 3.00005'
LAST_MEAS_OBS_X = 43.321443733784655
LAST_MEAS_OBS_Y = 12.915744116385735
