# Configuration file for unit M00356.

#ID
POS_ID = 'M00356'
CAN_ID = 178
DEVICE_ID = -1
PETAL_ID = -1

# STATE
POS_T = 71.329058755160077
POS_P = 43.972777037037048
GENERAL_SETTINGS_FILE = '_genl_settings_DEFAULT.conf'

# CALIBRATION
LENGTH_R1 = 3.0149715281414422
LENGTH_R2 = 3.1043512779244984
OFFSET_T = -90.227236825864267
OFFSET_P = -6.4865314077803475
GEAR_CALIB_T = 1.0
GEAR_CALIB_P = 1.0
GEAR_TYPE_T = 'namiki'
GEAR_TYPE_P = 'namiki'
OFFSET_X = 75.545801561766524
OFFSET_Y = 16.618942412780992
PHYSICAL_RANGE_T = 390.96074323042063
PHYSICAL_RANGE_P = 190.0
MOTOR_CCW_DIR_T = -1
MOTOR_CCW_DIR_P = -1
MOTOR_ID_T = 1
MOTOR_ID_P = 0

# HISTORY
TOTAL_MOVE_SEQUENCES = 4133
TOTAL_CRUISE_MOVES_T = 1144
TOTAL_CRUISE_MOVES_P = 1113
TOTAL_CREEP_MOVES_T = 11102
TOTAL_CREEP_MOVES_P = 11133
TOTAL_LIMIT_SEEKS_T = 76
TOTAL_LIMIT_SEEKS_P = 90
LAST_PRIMARY_HARDSTOP_DIR_T = -1.0
LAST_PRIMARY_HARDSTOP_DIR_P = 1.0
LAST_MOVE_CMD = 'dXdY; (auto backlash backup); (auto final creep)'
LAST_MOVE_VAL1 = '-0.00155324; 3; -2.99994'
LAST_MOVE_VAL2 = '-0.000366593; -3; 3.00005'
LAST_MEAS_OBS_X = 81.34640816106258
LAST_MEAS_OBS_Y = 16.618765327709653
