# Template file for configuration of individual fiber positioner unit.

# ID
POS_ID = 'UM00017'
CAN_ID = 31
DEVICE_ID = -1
PETAL_ID = -1

# STATE
POS_T = 13.225685020072955
POS_P = 37.904042989891828
GENERAL_SETTINGS_FILE = '_genl_settings_DEFAULT.conf'

# CALIBRATION
LENGTH_R1 = 3.0513290464763561
LENGTH_R2 = 3.0163732151656255
OFFSET_T = -30.273655759766392
OFFSET_P = -3.5632527170517392
GEAR_CALIB_T = 1.0
GEAR_CALIB_P = 1.0
GEAR_TYPE_T = 'namiki'
GEAR_TYPE_P = 'namiki'
OFFSET_X = 44.550065696929721
OFFSET_Y = 52.356402780259025
PHYSICAL_RANGE_T = 380.88734033022405
PHYSICAL_RANGE_P = 185.6092609076103
MOTOR_CCW_DIR_T = 1
MOTOR_CCW_DIR_P = 1
MOTOR_ID_T = 1
MOTOR_ID_P = 0

# HISTORY
TOTAL_MOVE_SEQUENCES = 7523
TOTAL_CRUISE_MOVES_T = 1362
TOTAL_CRUISE_MOVES_P = 1442
TOTAL_CREEP_MOVES_T = 21165
TOTAL_CREEP_MOVES_P = 21085
TOTAL_LIMIT_SEEKS_T = 25
TOTAL_LIMIT_SEEKS_P = 29
LAST_PRIMARY_HARDSTOP_DIR_T = -1.0
LAST_PRIMARY_HARDSTOP_DIR_P = 1.0
LAST_MOVE_CMD = 'dXdY; (auto backlash backup); (auto final creep)'
LAST_MOVE_VAL1 = '0.00062044; 3; -3.00016'
LAST_MOVE_VAL2 = '-2.41463e-05; -3; 3.00012'
LAST_MEAS_OBS_X = 50.34972478857426
LAST_MEAS_OBS_Y = 52.35554478752551
