# Template file for configuration of individual fiber positioner unit.

# ID
POS_ID = 'M00058'
CAN_ID = 58
DEVICE_ID = -1
PETAL_ID = -1

# STATE
POS_T = 101.05790737239857
POS_P = 142.7248901234241
GENERAL_SETTINGS_FILE = '_genl_settings_DEFAULT.conf'

# CALIBRATION
LENGTH_R1 = 2.9777610861522925
LENGTH_R2 = 2.9467038561286008
OFFSET_T = -99.244374860322566
OFFSET_P = -1.5156818199528459
GEAR_CALIB_T = 1.0
GEAR_CALIB_P = 1.0
GEAR_TYPE_T = 'namiki'
GEAR_TYPE_P = 'namiki'
OFFSET_X = 55.32157869920097
OFFSET_Y = 87.017882823176279
PHYSICAL_RANGE_T = 394.43592377372192
PHYSICAL_RANGE_P = 184.74066604311454
MOTOR_CCW_DIR_T = -1
MOTOR_CCW_DIR_P = -1
MOTOR_ID_T = 1
MOTOR_ID_P = 0

# HISTORY
TOTAL_MOVE_SEQUENCES = 13687
TOTAL_CRUISE_MOVES_T = 4705
TOTAL_CRUISE_MOVES_P = 4260
TOTAL_CREEP_MOVES_T = 36129
TOTAL_CREEP_MOVES_P = 36574
TOTAL_LIMIT_SEEKS_T = 178
TOTAL_LIMIT_SEEKS_P = 208
LAST_PRIMARY_HARDSTOP_DIR_T = -1.0
LAST_PRIMARY_HARDSTOP_DIR_P = 1.0
LAST_MOVE_CMD = 'obsXY; (auto backlash backup); (auto final creep)'
LAST_MOVE_VAL1 = '55.9438; 3; -2.99867'
LAST_MOVE_VAL2 = '88.8845; -3; 3.00079'
LAST_MEAS_OBS_X = 55.94397180171185
LAST_MEAS_OBS_Y = 87.64026624277035
