# Template file for configuration of individual fiber positioner unit.

# ID
POS_ID = 'M00118'
CAN_ID = 118
DEVICE_ID = -1
PETAL_ID = -1

# STATE
POS_T = 3.6747629400299635
POS_P = 89.465913843944804
GENERAL_SETTINGS_FILE = '_genl_settings_DEFAULT.conf'

# CALIBRATION
LENGTH_R1 = 2.8862614809229918
LENGTH_R2 = 3.0693836536049428
OFFSET_T = 50.447997476936528
OFFSET_P = -4.6678306059731653
GEAR_CALIB_T = 1.0
GEAR_CALIB_P = 1.0
GEAR_TYPE_T = 'namiki'
GEAR_TYPE_P = 'namiki'
OFFSET_X = 70.009384710519555
OFFSET_Y = 36.473865233138376
PHYSICAL_RANGE_T = 393.98431313228605
PHYSICAL_RANGE_P = 185.160090801341
MOTOR_CCW_DIR_T = -1
MOTOR_CCW_DIR_P = -1
MOTOR_ID_T = 1
MOTOR_ID_P = 0

# HISTORY
TOTAL_MOVE_SEQUENCES = 3008
TOTAL_CRUISE_MOVES_T = 1280
TOTAL_CRUISE_MOVES_P = 1070
TOTAL_CREEP_MOVES_T = 7666
TOTAL_CREEP_MOVES_P = 7876
TOTAL_LIMIT_SEEKS_T = 46
TOTAL_LIMIT_SEEKS_P = 55
LAST_PRIMARY_HARDSTOP_DIR_T = -1.0
LAST_PRIMARY_HARDSTOP_DIR_P = 1.0
LAST_MOVE_CMD = 'obsXY; (auto backlash backup); (auto final creep)'
LAST_MOVE_VAL1 = '69.3872; 3; -2.99999'
LAST_MOVE_VAL2 = '40.8294; -3; 3.00014'
LAST_MEAS_OBS_X = 69.39169425665554
LAST_MEAS_OBS_Y = 39.58527464816365
