# Configuration file for unit M00358.

#ID
POS_ID = 'M00358'
CAN_ID = 24
DEVICE_ID = -1
PETAL_ID = -1

# STATE
POS_T = -180.00004326866966
POS_P = -2.9999719753086751
GENERAL_SETTINGS_FILE = '_genl_settings_DEFAULT.conf'

# CALIBRATION
LENGTH_R1 = 3.0323439997271713
LENGTH_R2 = 3.138155835965915
OFFSET_T = -18.436797356146773
OFFSET_P = -3.3366514493466752
GEAR_CALIB_T = 1.0
GEAR_CALIB_P = 1.0
GEAR_TYPE_T = 'namiki'
GEAR_TYPE_P = 'namiki'
OFFSET_X = 15.649443295128259
OFFSET_Y = 16.140859243150878
PHYSICAL_RANGE_T = 394.42911221635131
PHYSICAL_RANGE_P = 190.0
MOTOR_CCW_DIR_T = -1
MOTOR_CCW_DIR_P = -1
MOTOR_ID_T = 1
MOTOR_ID_P = 0

# HISTORY
TOTAL_MOVE_SEQUENCES = 3437
TOTAL_CRUISE_MOVES_T = 928
TOTAL_CRUISE_MOVES_P = 850
TOTAL_CREEP_MOVES_T = 9294
TOTAL_CREEP_MOVES_P = 9372
TOTAL_LIMIT_SEEKS_T = 50
TOTAL_LIMIT_SEEKS_P = 60
LAST_PRIMARY_HARDSTOP_DIR_T = -1.0
LAST_PRIMARY_HARDSTOP_DIR_P = 1.0
LAST_MOVE_CMD = 'posTP; (auto backlash backup); (auto final creep)'
LAST_MOVE_VAL1 = '180; 3; -2.99884'
LAST_MOVE_VAL2 = '-3; -3; -4.10218'
LAST_MEAS_OBS_X = 21.448803728305208
LAST_MEAS_OBS_Y = 16.141448529498955
