# Configuration file for unit M00444.

#ID
POS_ID = 'M00444'
CAN_ID = 276
DEVICE_ID = -1
PETAL_ID = -1

# STATE
POS_T = 132.44126495154495
POS_P = 34.136572913882034
GENERAL_SETTINGS_FILE = '_genl_settings_DEFAULT.conf'

# CALIBRATION
LENGTH_R1 = 2.9929457262728807
LENGTH_R2 = 3.0845087815016585
OFFSET_T = -150.23950487812101
OFFSET_P = 0.96247296706562224
GEAR_CALIB_T = 1.0
GEAR_CALIB_P = 1.0
GEAR_TYPE_T = 'namiki'
GEAR_TYPE_P = 'namiki'
OFFSET_X = 76.394372007059062
OFFSET_Y = 16.542518312301642
PHYSICAL_RANGE_T = 394.21970491172499
PHYSICAL_RANGE_P = 183.39362334486145
MOTOR_CCW_DIR_T = -1
MOTOR_CCW_DIR_P = -1
MOTOR_ID_T = 1
MOTOR_ID_P = 0

# HISTORY
TOTAL_MOVE_SEQUENCES = 2284
TOTAL_CRUISE_MOVES_T = 511
TOTAL_CRUISE_MOVES_P = 514
TOTAL_CREEP_MOVES_T = 6317
TOTAL_CREEP_MOVES_P = 6314
TOTAL_LIMIT_SEEKS_T = 14
TOTAL_LIMIT_SEEKS_P = 17
LAST_PRIMARY_HARDSTOP_DIR_T = -1.0
LAST_PRIMARY_HARDSTOP_DIR_P = 1.0
LAST_MOVE_CMD = 'dXdY; (auto backlash backup); (auto final creep)'
LAST_MOVE_VAL1 = '-0.000829315; 3; -3.00009'
LAST_MOVE_VAL2 = '0.000446738; -3; 3.00009'
LAST_MEAS_OBS_X = 82.19426708181365
LAST_MEAS_OBS_Y = 16.54226458255676
