# Configuration file for unit M00358.

#ID
POS_ID = 'M00358'
CAN_ID = 24
DEVICE_ID = -1
PETAL_ID = -1

# STATE
POS_T = -0.96128656311367999
POS_P = 41.033182345678902
GENERAL_SETTINGS_FILE = '_genl_settings_DEFAULT.conf'

# CALIBRATION
LENGTH_R1 = 3.0380257742824295
LENGTH_R2 = 3.1374193141752613
OFFSET_T = -19.396721962228128
OFFSET_P = -0.6230916550312191
GEAR_CALIB_T = 1.0
GEAR_CALIB_P = 1.0
GEAR_TYPE_T = 'namiki'
GEAR_TYPE_P = 'namiki'
OFFSET_X = 15.655987918144939
OFFSET_Y = 16.124793529386857
PHYSICAL_RANGE_T = 394.65727510153602
PHYSICAL_RANGE_P = 190.0
MOTOR_CCW_DIR_T = -1
MOTOR_CCW_DIR_P = -1
MOTOR_ID_T = 1
MOTOR_ID_P = 0

# HISTORY
TOTAL_MOVE_SEQUENCES = 5244
TOTAL_CRUISE_MOVES_T = 1610
TOTAL_CRUISE_MOVES_P = 1484
TOTAL_CREEP_MOVES_T = 13898
TOTAL_CREEP_MOVES_P = 14024
TOTAL_LIMIT_SEEKS_T = 115
TOTAL_LIMIT_SEEKS_P = 137
LAST_PRIMARY_HARDSTOP_DIR_T = -1.0
LAST_PRIMARY_HARDSTOP_DIR_P = 1.0
LAST_MOVE_CMD = 'dXdY; (auto backlash backup); (auto final creep)'
LAST_MOVE_VAL1 = '-0.00105671; 3; -3.00011'
LAST_MOVE_VAL2 = '0.00325201; -3; 3.00005'
LAST_MEAS_OBS_X = 21.455346899896558
LAST_MEAS_OBS_Y = 16.132397178667702
