# Configuration file for unit M00386.

#ID
POS_ID = 'M00386'
CAN_ID = 348
DEVICE_ID = -1
PETAL_ID = -1

# STATE
POS_T = -162.7100778282371
POS_P = 37.996065555555589
GENERAL_SETTINGS_FILE = '_genl_settings_DEFAULT.conf'

# CALIBRATION
LENGTH_R1 = 2.9073343722450695
LENGTH_R2 = 3.0843480780618489
OFFSET_T = 147.45849908083088
OFFSET_P = -8.242855987847193
GEAR_CALIB_T = 1.0
GEAR_CALIB_P = 1.0
GEAR_TYPE_T = 'namiki'
GEAR_TYPE_P = 'namiki'
OFFSET_X = 45.509087157275168
OFFSET_Y = 16.075899284385333
PHYSICAL_RANGE_T = 393.84793417499276
PHYSICAL_RANGE_P = 190.0
MOTOR_CCW_DIR_T = -1
MOTOR_CCW_DIR_P = -1
MOTOR_ID_T = 1
MOTOR_ID_P = 0

# HISTORY
TOTAL_MOVE_SEQUENCES = 3313
TOTAL_CRUISE_MOVES_T = 963
TOTAL_CRUISE_MOVES_P = 940
TOTAL_CREEP_MOVES_T = 8870
TOTAL_CREEP_MOVES_P = 8893
TOTAL_LIMIT_SEEKS_T = 56
TOTAL_LIMIT_SEEKS_P = 65
LAST_PRIMARY_HARDSTOP_DIR_T = -1.0
LAST_PRIMARY_HARDSTOP_DIR_P = 1.0
LAST_MOVE_CMD = 'dXdY; (auto backlash backup); (auto final creep)'
LAST_MOVE_VAL1 = '-0.00048382; 3; -3.0001'
LAST_MOVE_VAL2 = '-0.00503981; -3; 3.00006'
LAST_MEAS_OBS_X = 51.30929949736953
LAST_MEAS_OBS_Y = 16.075586880463124
