# Template file for configuration of individual fiber positioner unit.

# ID
POS_ID = 'M00170'
CAN_ID = 431
DEVICE_ID = -1
PETAL_ID = -1

# STATE
POS_T = 46.957183344819121
POS_P = 43.194675185185133
GENERAL_SETTINGS_FILE = '_genl_settings_DEFAULT.conf'

# CALIBRATION
LENGTH_R1 = 2.9683204240160581
LENGTH_R2 = 3.107548005160746
OFFSET_T = -65.200984896362115
OFFSET_P = -7.8796901659685403
GEAR_CALIB_T = 1.0
GEAR_CALIB_P = 1.0
GEAR_TYPE_T = 'namiki'
GEAR_TYPE_P = 'namiki'
OFFSET_X = 52.020293775496803
OFFSET_Y = 25.894559356961153
PHYSICAL_RANGE_T = 391.46810763134886
PHYSICAL_RANGE_P = 190.0
MOTOR_CCW_DIR_T = -1
MOTOR_CCW_DIR_P = -1
MOTOR_ID_T = 1
MOTOR_ID_P = 0

# HISTORY
TOTAL_MOVE_SEQUENCES = 2153
TOTAL_CRUISE_MOVES_T = 412
TOTAL_CRUISE_MOVES_P = 413
TOTAL_CREEP_MOVES_T = 6038
TOTAL_CREEP_MOVES_P = 6037
TOTAL_LIMIT_SEEKS_T = 5
TOTAL_LIMIT_SEEKS_P = 6
LAST_PRIMARY_HARDSTOP_DIR_T = -1.0
LAST_PRIMARY_HARDSTOP_DIR_P = 1.0
LAST_MOVE_CMD = 'dXdY; (auto backlash backup); (auto final creep)'
LAST_MOVE_VAL1 = '-0.000385053; 3; -3.00017'
LAST_MOVE_VAL2 = '6.43427e-05; -3; 3.00003'
LAST_MEAS_OBS_X = 57.820469661725674
LAST_MEAS_OBS_Y = 25.893600591678556
