# Template file for configuration of individual fiber positioner unit.

# ID
POS_ID = 'M00184'
CAN_ID = 331
DEVICE_ID = -1
PETAL_ID = -1

# STATE
POS_T = -194.00917852905883
POS_P = 182.4366497096547
GENERAL_SETTINGS_FILE = '_genl_settings_DEFAULT.conf'

# CALIBRATION
LENGTH_R1 = 3.0229553019455788
LENGTH_R2 = 3.1055043227259813
OFFSET_T = 1.2912063546123402
OFFSET_P = 2.5082346410017067
GEAR_CALIB_T = 1.0
GEAR_CALIB_P = 1.0
GEAR_TYPE_T = 'namiki'
GEAR_TYPE_P = 'namiki'
OFFSET_X = 60.897093733389625
OFFSET_Y = 16.231899216725822
PHYSICAL_RANGE_T = 394.01835705811766
PHYSICAL_RANGE_P = 187.30974718146939
MOTOR_CCW_DIR_T = -1
MOTOR_CCW_DIR_P = -1
MOTOR_ID_T = 1
MOTOR_ID_P = 0

# HISTORY
TOTAL_MOVE_SEQUENCES = 42821
TOTAL_CRUISE_MOVES_T = 8347
TOTAL_CRUISE_MOVES_P = 8366
TOTAL_CREEP_MOVES_T = 119839
TOTAL_CREEP_MOVES_P = 119820
TOTAL_LIMIT_SEEKS_T = 163
TOTAL_LIMIT_SEEKS_P = 195
LAST_PRIMARY_HARDSTOP_DIR_T = -1.0
LAST_PRIMARY_HARDSTOP_DIR_P = 1.0
LAST_MOVE_CMD = 'P limit seek; T limit seek; debounce direct_dtdp; debounce direct_dtdp'
LAST_MOVE_VAL1 = '0; -1; 3; 3'
LAST_MOVE_VAL2 = '1; 0; 0; -3'
LAST_MEAS_OBS_X = 66.69743008056929
LAST_MEAS_OBS_Y = 16.22997348352696
