# Configuration file for unit M00466.

#ID
POS_ID = 'M00466'
CAN_ID = 317
DEVICE_ID = -1
PETAL_ID = -1

# STATE
POS_T = 39.433241563479271
POS_P = 40.17485261460331
GENERAL_SETTINGS_FILE = '_genl_settings_DEFAULT.conf'

# CALIBRATION
LENGTH_R1 = 3.065536490069134
LENGTH_R2 = 3.0467438742167152
OFFSET_T = -58.031573295951958
OFFSET_P = -2.4722155709095546
GEAR_CALIB_T = 1.0
GEAR_CALIB_P = 1.0
GEAR_TYPE_T = 'namiki'
GEAR_TYPE_P = 'namiki'
OFFSET_X = 60.986362891701923
OFFSET_Y = 48.655720667541786
PHYSICAL_RANGE_T = 393.74682107057197
PHYSICAL_RANGE_P = 185.95861418858789
MOTOR_CCW_DIR_T = -1
MOTOR_CCW_DIR_P = -1
MOTOR_ID_T = 1
MOTOR_ID_P = 0

# HISTORY
TOTAL_MOVE_SEQUENCES = 1875
TOTAL_CRUISE_MOVES_T = 461
TOTAL_CRUISE_MOVES_P = 461
TOTAL_CREEP_MOVES_T = 5139
TOTAL_CREEP_MOVES_P = 5139
TOTAL_LIMIT_SEEKS_T = 15
TOTAL_LIMIT_SEEKS_P = 18
LAST_PRIMARY_HARDSTOP_DIR_T = -1.0
LAST_PRIMARY_HARDSTOP_DIR_P = 1.0
LAST_MOVE_CMD = 'dXdY; (auto backlash backup); (auto final creep)'
LAST_MOVE_VAL1 = '-0.000448656; 0; 0.000136863'
LAST_MOVE_VAL2 = '0.00130995; -3; 3.00007'
LAST_MEAS_OBS_X = 66.7858506912973
LAST_MEAS_OBS_Y = 48.655141973119555
