# Template file for configuration of individual fiber positioner unit.

# ID
POS_ID = 'M00184'
CAN_ID = 331
DEVICE_ID = -1
PETAL_ID = -1

# STATE
POS_T = -193.99312489067773
POS_P = 182.43279657274036
GENERAL_SETTINGS_FILE = '_genl_settings_DEFAULT.conf'

# CALIBRATION
LENGTH_R1 = 3.0234812272166565
LENGTH_R2 = 3.1056709853162405
OFFSET_T = 1.5540652540576159
OFFSET_P = 1.6592029132645791
GEAR_CALIB_T = 1.0
GEAR_CALIB_P = 1.0
GEAR_TYPE_T = 'namiki'
GEAR_TYPE_P = 'namiki'
OFFSET_X = 60.896340432199281
OFFSET_Y = 16.230971465659124
PHYSICAL_RANGE_T = 393.98624978135547
PHYSICAL_RANGE_P = 187.30585512398017
MOTOR_CCW_DIR_T = -1
MOTOR_CCW_DIR_P = -1
MOTOR_ID_T = 1
MOTOR_ID_P = 0

# HISTORY
TOTAL_MOVE_SEQUENCES = 34225
TOTAL_CRUISE_MOVES_T = 6720
TOTAL_CRUISE_MOVES_P = 6740
TOTAL_CREEP_MOVES_T = 95710
TOTAL_CREEP_MOVES_P = 95690
TOTAL_LIMIT_SEEKS_T = 143
TOTAL_LIMIT_SEEKS_P = 171
LAST_PRIMARY_HARDSTOP_DIR_T = -1.0
LAST_PRIMARY_HARDSTOP_DIR_P = 1.0
LAST_MOVE_CMD = 'P limit seek; T limit seek; debounce direct_dtdp; debounce direct_dtdp'
LAST_MOVE_VAL1 = '0; -1; 3; 3'
LAST_MOVE_VAL2 = '1; 0; 0; -3'
LAST_MEAS_OBS_X = 66.69712636520254
LAST_MEAS_OBS_Y = 16.230619234605534
