# Settings file for fiber positioner unit: UM00012

POS_ID = 'UM00012'
CAN_ID = 12
DEVICE_ID = -1
PETAL_ID = -1

# STATE
POS_T = -47.451462010053632
POS_P = -0.84122378233837503
GENERAL_SETTINGS_FILE = '_genl_settings_DEFAULT.conf'

# CALIBRATION
LENGTH_R1 = 3.0599899602741947
LENGTH_R2 = 2.991888650356723
OFFSET_T = 135.72990880387027
OFFSET_P = 0.8412976036858737
GEAR_CALIB_T = 1.0
GEAR_CALIB_P = 1.0
GEAR_TYPE_T = 'namiki'
GEAR_TYPE_P = 'namiki'
OFFSET_X = 53.219851239719624
OFFSET_Y = 20.528611361784002
PHYSICAL_RANGE_T = 385.24060797072468
PHYSICAL_RANGE_P = 186.43869352326473
MOTOR_CCW_DIR_T = 1
MOTOR_CCW_DIR_P = 1
MOTOR_ID_T = 1
MOTOR_ID_P = 0

# HISTORY
TOTAL_MOVE_SEQUENCES = 2231
TOTAL_CRUISE_MOVES_T = 1288
TOTAL_CRUISE_MOVES_P = 1353
TOTAL_CREEP_MOVES_T = 5223
TOTAL_CREEP_MOVES_P = 5158
TOTAL_LIMIT_SEEKS_T = 270
TOTAL_LIMIT_SEEKS_P = 279
LAST_PRIMARY_HARDSTOP_DIR_T = -1.0
LAST_PRIMARY_HARDSTOP_DIR_P = 1.0
LAST_MOVE_CMD = 'dXdY; (auto backlash backup); (auto final creep)'
LAST_MOVE_VAL1 = '0.142705; 3; -3.00005'
LAST_MOVE_VAL2 = '0.199211; -3; -1.97897'
LAST_MEAS_OBS_X = 53.07714642273104
LAST_MEAS_OBS_Y = 26.129400688385648
