# Template file for configuration of individual fiber positioner unit.

# ID
POS_ID = 'M00176'
CAN_ID = 284
DEVICE_ID = -1
PETAL_ID = -1

# STATE
POS_T = -193.60330000565298
POS_P = 182.2945680460592
GENERAL_SETTINGS_FILE = '_genl_settings_DEFAULT.conf'

# CALIBRATION
LENGTH_R1 = 3.0682587168108753
LENGTH_R2 = 3.0458426820656554
OFFSET_T = -125.34142863953485
OFFSET_P = -1.4951042725187307
GEAR_CALIB_T = 1.0
GEAR_CALIB_P = 1.0
GEAR_TYPE_T = 'namiki'
GEAR_TYPE_P = 'namiki'
OFFSET_X = 60.46916661931585
OFFSET_Y = 16.119030063945875
PHYSICAL_RANGE_T = 393.20660001130597
PHYSICAL_RANGE_P = 187.16623034955475
MOTOR_CCW_DIR_T = -1
MOTOR_CCW_DIR_P = -1
MOTOR_ID_T = 1
MOTOR_ID_P = 0

# HISTORY
TOTAL_MOVE_SEQUENCES = 4612
TOTAL_CRUISE_MOVES_T = 941
TOTAL_CRUISE_MOVES_P = 942
TOTAL_CREEP_MOVES_T = 12855
TOTAL_CREEP_MOVES_P = 12854
TOTAL_LIMIT_SEEKS_T = 26
TOTAL_LIMIT_SEEKS_P = 31
LAST_PRIMARY_HARDSTOP_DIR_T = -1.0
LAST_PRIMARY_HARDSTOP_DIR_P = 1.0
LAST_MOVE_CMD = 'P limit seek; T limit seek; debounce direct_dtdp; debounce direct_dtdp'
LAST_MOVE_VAL1 = '0; -1; 3; 3'
LAST_MOVE_VAL2 = '1; 0; 0; -3'
LAST_MEAS_OBS_X = 66.26918168903063
LAST_MEAS_OBS_Y = 16.11970605392184
