# Template file for configuration of individual fiber positioner unit.

# ID
POS_ID = 'M00171'
CAN_ID = 416
DEVICE_ID = -1
PETAL_ID = -1

# STATE
POS_T = -193.80522460483525
POS_P = 181.6180055487241
GENERAL_SETTINGS_FILE = '_genl_settings_DEFAULT.conf'

# CALIBRATION
LENGTH_R1 = 3.041821359999392
LENGTH_R2 = 3.062954843925398
OFFSET_T = -154.16141764877526
OFFSET_P = 1.1958837805190683
GEAR_CALIB_T = 1.0
GEAR_CALIB_P = 1.0
GEAR_TYPE_T = 'namiki'
GEAR_TYPE_P = 'namiki'
OFFSET_X = 73.10789192936403
OFFSET_Y = 54.23313823011804
PHYSICAL_RANGE_T = 393.6104492096705
PHYSICAL_RANGE_P = 186.48283388760012
MOTOR_CCW_DIR_T = -1
MOTOR_CCW_DIR_P = -1
MOTOR_ID_T = 1
MOTOR_ID_P = 0

# HISTORY
TOTAL_MOVE_SEQUENCES = 49732
TOTAL_CRUISE_MOVES_T = 47384
TOTAL_CRUISE_MOVES_P = 46781
TOTAL_CREEP_MOVES_T = 79921
TOTAL_CREEP_MOVES_P = 80524
TOTAL_LIMIT_SEEKS_T = 21694
TOTAL_LIMIT_SEEKS_P = 21735
LAST_PRIMARY_HARDSTOP_DIR_T = -1.0
LAST_PRIMARY_HARDSTOP_DIR_P = 1.0
LAST_MOVE_CMD = 'P limit seek; T limit seek; debounce direct_dtdp; debounce direct_dtdp'
LAST_MOVE_VAL1 = '0; -1; 3; 3'
LAST_MOVE_VAL2 = '1; 0; 0; -3'
LAST_MEAS_OBS_X = 78.89467157197859
LAST_MEAS_OBS_Y = 54.2444455768802
