# M00013

# ID
POS_ID = 'M00013'
CAN_ID = 101
DEVICE_ID = -1
PETAL_ID = -1

# STATE
POS_T = -4.2925228171952767e-05
POS_P = 170.00008135802469
GENERAL_SETTINGS_FILE = '_genl_settings_DEFAULT.conf'

# CALIBRATION
LENGTH_R1 = 3.0325049738660583
LENGTH_R2 = 3.0995766474720434
OFFSET_T = -13.932898662677424
OFFSET_P = -5.61462502047376
GEAR_CALIB_T = 1.0
GEAR_CALIB_P = 1.0
GEAR_TYPE_T = 'namiki'
GEAR_TYPE_P = 'namiki'
OFFSET_X = 7.717979614414417
OFFSET_Y = 25.89133711795579
PHYSICAL_RANGE_T = 393.1568895541601
PHYSICAL_RANGE_P = 190.0
MOTOR_CCW_DIR_T = -1
MOTOR_CCW_DIR_P = -1
MOTOR_ID_T = 1
MOTOR_ID_P = 0

# HISTORY
TOTAL_MOVE_SEQUENCES = 12308
TOTAL_CRUISE_MOVES_T = 2958
TOTAL_CRUISE_MOVES_P = 2837
TOTAL_CREEP_MOVES_T = 33853
TOTAL_CREEP_MOVES_P = 33974
TOTAL_LIMIT_SEEKS_T = 63
TOTAL_LIMIT_SEEKS_P = 76
LAST_PRIMARY_HARDSTOP_DIR_T = -1.0
LAST_PRIMARY_HARDSTOP_DIR_P = 1.0
LAST_MOVE_CMD = 'direct_dtdp; (auto backlash backup); (auto final creep)'
LAST_MOVE_VAL1 = '0; 0; 0'
LAST_MOVE_VAL2 = '-10; -3; 2.99712'
LAST_MEAS_OBS_X = 13.517867767719498
LAST_MEAS_OBS_Y = 25.89120353352294
