# Template file for configuration of individual fiber positioner unit.

# ID
POS_ID = 'UM00002'
CAN_ID = 2
DEVICE_ID = -1
PETAL_ID = -1

# STATE
POS_T = -67.357150939648392
POS_P = 50.487855270404999
GENERAL_SETTINGS_FILE = '_genl_settings_DEFAULT.conf'

# CALIBRATION
LENGTH_R1 = 3.0439027186016019
LENGTH_R2 = 3.0224040395955347
OFFSET_T = 50.292361319098184
OFFSET_P = -16.145161996720446
GEAR_CALIB_T = 1.0
GEAR_CALIB_P = 1.0
GEAR_TYPE_T = 'namiki'
GEAR_TYPE_P = 'namiki'
OFFSET_X = 30.27293738428348
OFFSET_Y = 52.277199495686823
PHYSICAL_RANGE_T = 379.79698928670382
PHYSICAL_RANGE_P = 202.26466101637124
MOTOR_CCW_DIR_T = 1
MOTOR_CCW_DIR_P = -1
MOTOR_ID_T = 1
MOTOR_ID_P = 0

# HISTORY
TOTAL_MOVE_SEQUENCES = 8109
TOTAL_CRUISE_MOVES_T = 2047
TOTAL_CRUISE_MOVES_P = 2100
TOTAL_CREEP_MOVES_T = 22480
TOTAL_CREEP_MOVES_P = 22427
TOTAL_LIMIT_SEEKS_T = 113
TOTAL_LIMIT_SEEKS_P = 126
LAST_PRIMARY_HARDSTOP_DIR_T = -1.0
LAST_PRIMARY_HARDSTOP_DIR_P = 1.0
LAST_MOVE_CMD = 'dXdY; (auto backlash backup); (auto final creep)'
LAST_MOVE_VAL1 = '-2.62748e-05; 3; -2.99996'
LAST_MOVE_VAL2 = '-0.00104087; -3; 3.00002'
LAST_MEAS_OBS_X = 36.07321844234367
LAST_MEAS_OBS_Y = 52.27807821950147
