# Template file for configuration of individual fiber positioner unit.

# ID
POS_ID = 'M00228'
CAN_ID = 483
DEVICE_ID = -1
PETAL_ID = -1

# STATE
POS_T = 102.03934722022997
POS_P = 34.528023009381243
GENERAL_SETTINGS_FILE = '_genl_settings_DEFAULT.conf'

# CALIBRATION
LENGTH_R1 = 3.0629970800702875
LENGTH_R2 = 2.9832008403337729
OFFSET_T = -118.83497223179387
OFFSET_P = -1.2657815475462826
GEAR_CALIB_T = 1.0
GEAR_CALIB_P = 1.0
GEAR_TYPE_T = 'namiki'
GEAR_TYPE_P = 'namiki'
OFFSET_X = 52.742420911251727
OFFSET_Y = 32.133951950672724
PHYSICAL_RANGE_T = 394.19287148546607
PHYSICAL_RANGE_P = 184.74954724728624
MOTOR_CCW_DIR_T = -1
MOTOR_CCW_DIR_P = -1
MOTOR_ID_T = 1
MOTOR_ID_P = 0

# HISTORY
TOTAL_MOVE_SEQUENCES = 2980
TOTAL_CRUISE_MOVES_T = 728
TOTAL_CRUISE_MOVES_P = 710
TOTAL_CREEP_MOVES_T = 8145
TOTAL_CREEP_MOVES_P = 8163
TOTAL_LIMIT_SEEKS_T = 34
TOTAL_LIMIT_SEEKS_P = 42
LAST_PRIMARY_HARDSTOP_DIR_T = -1.0
LAST_PRIMARY_HARDSTOP_DIR_P = 1.0
LAST_MOVE_CMD = 'dXdY; (auto backlash backup); (auto final creep)'
LAST_MOVE_VAL1 = '-0.000621166; 3; -3.00006'
LAST_MOVE_VAL2 = '0.000477942; -3; 2.99995'
LAST_MEAS_OBS_X = 58.54226423679169
LAST_MEAS_OBS_Y = 32.134568241570946
