# Settings file for fiber positioner unit: UM00012

POS_ID = 'UM00012'
CAN_ID = 12
DEVICE_ID = -1
PETAL_ID = -1

# STATE
POS_T = 153.96924875190928
POS_P = 142.13534916567886
GENERAL_SETTINGS_FILE = '_genl_settings_DEFAULT.conf'

# CALIBRATION
LENGTH_R1 = 3.223230758564194
LENGTH_R2 = 3.154437125861133
OFFSET_T = 136.16837845192694
OFFSET_P = 1.3327696134632276
GEAR_CALIB_T = 1.0002707813650336
GEAR_CALIB_P = 0.9962215726774535
GEAR_TYPE_T = 'namiki'
GEAR_TYPE_P = 'namiki'
OFFSET_X = 55.70481631363211
OFFSET_Y = 21.539029461353277
PHYSICAL_RANGE_T = 382.6253287022024
PHYSICAL_RANGE_P = 186.17741993475767
MOTOR_CCW_DIR_T = 1
MOTOR_CCW_DIR_P = 1
MOTOR_ID_T = 1
MOTOR_ID_P = 0

# HISTORY
TOTAL_MOVE_SEQUENCES = 1186
TOTAL_CRUISE_MOVES_T = 832
TOTAL_CRUISE_MOVES_P = 810
TOTAL_CREEP_MOVES_T = 2627
TOTAL_CREEP_MOVES_P = 2649
TOTAL_LIMIT_SEEKS_T = 201
TOTAL_LIMIT_SEEKS_P = 203
LAST_PRIMARY_HARDSTOP_DIR_T = -1.0
LAST_PRIMARY_HARDSTOP_DIR_P = 1.0
LAST_MOVE_CMD = 'obsXY; (auto final creep)'
LAST_MOVE_VAL1 = '57.7048; 6.89822e-05'
LAST_MOVE_VAL2 = '21.539; 0.000132253'
LAST_MEAS_OBS_X = 58.110866965405656
LAST_MEAS_OBS_Y = 21.399738768223784
