# Template file for configuration of individual fiber positioner unit.

# ID
POS_ID = 'M00063'
CAN_ID = 2
DEVICE_ID = -1
PETAL_ID = -1

# STATE
POS_T = -45.967983297506763
POS_P = 49.560254125467637
GENERAL_SETTINGS_FILE = '_genl_settings_DEFAULT.conf'

# CALIBRATION
LENGTH_R1 = 2.8989992346166189
LENGTH_R2 = 3.0158375523815035
OFFSET_T = 55.852391723627839
OFFSET_P = 0.20820842395592604
GEAR_CALIB_T = 1.0
GEAR_CALIB_P = 1.0
GEAR_TYPE_T = 'namiki'
GEAR_TYPE_P = 'namiki'
OFFSET_X = 26.260408815049495
OFFSET_Y = 10.773512635920307
PHYSICAL_RANGE_T = 394.06700684192776
PHYSICAL_RANGE_P = 186.32136530942603
MOTOR_CCW_DIR_T = -1
MOTOR_CCW_DIR_P = -1
MOTOR_ID_T = 1
MOTOR_ID_P = 0

# HISTORY
TOTAL_MOVE_SEQUENCES = 6879
TOTAL_CRUISE_MOVES_T = 1806
TOTAL_CRUISE_MOVES_P = 1970
TOTAL_CREEP_MOVES_T = 18755
TOTAL_CREEP_MOVES_P = 18591
TOTAL_LIMIT_SEEKS_T = 43
TOTAL_LIMIT_SEEKS_P = 52
LAST_PRIMARY_HARDSTOP_DIR_T = -1.0
LAST_PRIMARY_HARDSTOP_DIR_P = 1.0
LAST_MOVE_CMD = 'dXdY; (auto backlash backup); (auto final creep)'
LAST_MOVE_VAL1 = '0.00544108; 3; -3'
LAST_MOVE_VAL2 = '-0.00529846; -3; 2.99993'
LAST_MEAS_OBS_X = 30.61366363494555
LAST_MEAS_OBS_Y = 13.886095522617182
