# Configuration file for unit M00386.

#ID
POS_ID = 'M00386'
CAN_ID = 348
DEVICE_ID = -1
PETAL_ID = -1

# STATE
POS_T = -162.53372052919624
POS_P = 38.326869999999964
GENERAL_SETTINGS_FILE = '_genl_settings_DEFAULT.conf'

# CALIBRATION
LENGTH_R1 = 2.9093934841598199
LENGTH_R2 = 3.0844947523096469
OFFSET_T = 147.34227274757654
OFFSET_P = -8.5874261803709828
GEAR_CALIB_T = 1.0
GEAR_CALIB_P = 1.0
GEAR_TYPE_T = 'namiki'
GEAR_TYPE_P = 'namiki'
OFFSET_X = 45.606239515605282
OFFSET_Y = 16.070695027346439
PHYSICAL_RANGE_T = 393.88175093493533
PHYSICAL_RANGE_P = 190.0
MOTOR_CCW_DIR_T = -1
MOTOR_CCW_DIR_P = -1
MOTOR_ID_T = 1
MOTOR_ID_P = 0

# HISTORY
TOTAL_MOVE_SEQUENCES = 3969
TOTAL_CRUISE_MOVES_T = 1183
TOTAL_CRUISE_MOVES_P = 1152
TOTAL_CREEP_MOVES_T = 10582
TOTAL_CREEP_MOVES_P = 10613
TOTAL_LIMIT_SEEKS_T = 72
TOTAL_LIMIT_SEEKS_P = 85
LAST_PRIMARY_HARDSTOP_DIR_T = -1.0
LAST_PRIMARY_HARDSTOP_DIR_P = 1.0
LAST_MOVE_CMD = 'dXdY; (auto backlash backup); (auto final creep)'
LAST_MOVE_VAL1 = '-0.000142849; 3; -3.00012'
LAST_MOVE_VAL2 = '-0.0015052; -3; 3.00001'
LAST_MEAS_OBS_X = 51.4068490528323
LAST_MEAS_OBS_Y = 16.072398149492894
