# Template file for configuration of individual fiber positioner unit.

# ID
POS_ID = 'M00051'
CAN_ID = 85
DEVICE_ID = -1
PETAL_ID = -1

# STATE
POS_T = -193.54620386112055
POS_P = 184.10995029671292
GENERAL_SETTINGS_FILE = '_genl_settings_DEFAULT.conf'

# CALIBRATION
LENGTH_R1 = 2.9081700588727402
LENGTH_R2 = 3.0562628422508391
OFFSET_T = -6.1944041641088647
OFFSET_P = -2.7245264288601163
GEAR_CALIB_T = 1.0
GEAR_CALIB_P = 1.0
GEAR_TYPE_T = 'namiki'
GEAR_TYPE_P = 'namiki'
OFFSET_X = 68.963765697915477
OFFSET_Y = 31.859028401123158
PHYSICAL_RANGE_T = 393.09240772224109
PHYSICAL_RANGE_P = 188.99994979465953
MOTOR_CCW_DIR_T = -1
MOTOR_CCW_DIR_P = -1
MOTOR_ID_T = 1
MOTOR_ID_P = 0

# HISTORY
TOTAL_MOVE_SEQUENCES = 8832
TOTAL_CRUISE_MOVES_T = 1791
TOTAL_CRUISE_MOVES_P = 1817
TOTAL_CREEP_MOVES_T = 24646
TOTAL_CREEP_MOVES_P = 24620
TOTAL_LIMIT_SEEKS_T = 39
TOTAL_LIMIT_SEEKS_P = 46
LAST_PRIMARY_HARDSTOP_DIR_T = -1.0
LAST_PRIMARY_HARDSTOP_DIR_P = 1.0
LAST_MOVE_CMD = 'P limit seek; T limit seek; debounce direct_dtdp; debounce direct_dtdp'
LAST_MOVE_VAL1 = '0; -1; 3; 3'
LAST_MOVE_VAL2 = '1; 0; -3; -3'
LAST_MEAS_OBS_X = 74.76409306532604
LAST_MEAS_OBS_Y = 31.85777870124053
