# Configuration file for unit M00356.

#ID
POS_ID = 'M00356'
CAN_ID = 178
DEVICE_ID = -1
PETAL_ID = -1

# STATE
POS_T = 72.401191429191698
POS_P = 44.050439012345549
GENERAL_SETTINGS_FILE = '_genl_settings_DEFAULT.conf'

# CALIBRATION
LENGTH_R1 = 3.0148924014575047
LENGTH_R2 = 3.1040282410322075
OFFSET_T = -91.333102756108516
OFFSET_P = -6.5028131961582289
GEAR_CALIB_T = 1.0
GEAR_CALIB_P = 1.0
GEAR_TYPE_T = 'namiki'
GEAR_TYPE_P = 'namiki'
OFFSET_X = 75.545890946739348
OFFSET_Y = 16.619476855762183
PHYSICAL_RANGE_T = 391.01294825272771
PHYSICAL_RANGE_P = 190.0
MOTOR_CCW_DIR_T = -1
MOTOR_CCW_DIR_P = -1
MOTOR_ID_T = 1
MOTOR_ID_P = 0

# HISTORY
TOTAL_MOVE_SEQUENCES = 3969
TOTAL_CRUISE_MOVES_T = 1090
TOTAL_CRUISE_MOVES_P = 1059
TOTAL_CREEP_MOVES_T = 10673
TOTAL_CREEP_MOVES_P = 10704
TOTAL_LIMIT_SEEKS_T = 72
TOTAL_LIMIT_SEEKS_P = 85
LAST_PRIMARY_HARDSTOP_DIR_T = -1.0
LAST_PRIMARY_HARDSTOP_DIR_P = 1.0
LAST_MOVE_CMD = 'dXdY; (auto backlash backup); (auto final creep)'
LAST_MOVE_VAL1 = '-0.000315621; 3; -2.99992'
LAST_MOVE_VAL2 = '-0.000239354; -3; 3.00009'
LAST_MEAS_OBS_X = 81.345904750192
LAST_MEAS_OBS_Y = 16.61955648357532
