# Template file for configuration of individual fiber positioner unit.

# ID
POS_ID = 'M00254'
CAN_ID = 261
DEVICE_ID = -1
PETAL_ID = -1

# STATE
POS_T = -149.64341025280686
POS_P = 41.427420617283829
GENERAL_SETTINGS_FILE = '_genl_settings_DEFAULT.conf'

# CALIBRATION
LENGTH_R1 = 3.0700378754680684
LENGTH_R2 = 3.0396958662411291
OFFSET_T = 128.07171379876837
OFFSET_P = -4.5297122742966138
GEAR_CALIB_T = 1.0
GEAR_CALIB_P = 1.0
GEAR_TYPE_T = 'namiki'
GEAR_TYPE_P = 'namiki'
OFFSET_X = 37.96569299796689
OFFSET_Y = 32.316169969627538
PHYSICAL_RANGE_T = 394.41786890067522
PHYSICAL_RANGE_P = 190.0
MOTOR_CCW_DIR_T = -1
MOTOR_CCW_DIR_P = -1
MOTOR_ID_T = 1
MOTOR_ID_P = 0

# HISTORY
TOTAL_MOVE_SEQUENCES = 3363
TOTAL_CRUISE_MOVES_T = 891
TOTAL_CRUISE_MOVES_P = 847
TOTAL_CREEP_MOVES_T = 9119
TOTAL_CREEP_MOVES_P = 9163
TOTAL_LIMIT_SEEKS_T = 39
TOTAL_LIMIT_SEEKS_P = 48
LAST_PRIMARY_HARDSTOP_DIR_T = -1.0
LAST_PRIMARY_HARDSTOP_DIR_P = 1.0
LAST_MOVE_CMD = 'dXdY; (auto backlash backup); (auto final creep)'
LAST_MOVE_VAL1 = '0.0113824; 3; -3.00005'
LAST_MOVE_VAL2 = '-0.00578038; -3; 3.00008'
LAST_MEAS_OBS_X = 43.76714711971577
LAST_MEAS_OBS_Y = 32.31263724987723
