# Settings file for unit: M00390

POS_ID = 'M00390'
CAN_ID = 390
DEVICE_ID = -1
PETAL_ID = -1

# STATE
POS_T = -118.68239209478205
POS_P = 105.451167609602
GENERAL_SETTINGS_FILE = '_genl_settings_DEFAULT.conf'

# CALIBRATION
LENGTH_R1 = 2.9356032561902299
LENGTH_R2 = 3.1091452357549851
OFFSET_T = -148.23193250608421
OFFSET_P = 1.4594003484457607
GEAR_CALIB_T = 1.0
GEAR_CALIB_P = 1.0
GEAR_TYPE_T = 'namiki'
GEAR_TYPE_P = 'namiki'
OFFSET_X = 27.137912243027305
OFFSET_Y = 31.414761195211369
PHYSICAL_RANGE_T = 395.24018739944091
PHYSICAL_RANGE_P = 186.2391070754181
MOTOR_CCW_DIR_T = -1
MOTOR_CCW_DIR_P = -1
MOTOR_ID_T = 1
MOTOR_ID_P = 0

# HISTORY
TOTAL_MOVE_SEQUENCES = 977
TOTAL_CRUISE_MOVES_T = 584
TOTAL_CRUISE_MOVES_P = 584
TOTAL_CREEP_MOVES_T = 2294
TOTAL_CREEP_MOVES_P = 2294
TOTAL_LIMIT_SEEKS_T = 45
TOTAL_LIMIT_SEEKS_P = 52
LAST_PRIMARY_HARDSTOP_DIR_T = -1.0
LAST_PRIMARY_HARDSTOP_DIR_P = 1.0
LAST_MOVE_CMD = 'dXdY; (auto backlash backup); (auto final creep)'
LAST_MOVE_VAL1 = '-8.40199e-05; 3; -2.99992'
LAST_MOVE_VAL2 = '-0.000299835; -3; 2.99997'
LAST_MEAS_OBS_X = 24.026913874169527
LAST_MEAS_OBS_Y = 33.281382634154106
