# Template file for configuration of individual fiber positioner unit.

# ID
POS_ID = 'M00112'
CAN_ID = 112
DEVICE_ID = -1
PETAL_ID = -1

# STATE
POS_T = 187.75603966141762
POS_P = 106.99991629629628
GENERAL_SETTINGS_FILE = '_genl_settings_DEFAULT.conf'

# CALIBRATION
LENGTH_R1 = 2.8016652584904453
LENGTH_R2 = 3.1090168568020755
OFFSET_T = -135.50087774381737
OFFSET_P = -18.350396176910721
GEAR_CALIB_T = 1.0
GEAR_CALIB_P = 1.0
GEAR_TYPE_T = 'namiki'
GEAR_TYPE_P = 'namiki'
OFFSET_X = 70.228842092518093
OFFSET_Y = 36.309853889167677
PHYSICAL_RANGE_T = 393.51208536852278
PHYSICAL_RANGE_P = 190.0
MOTOR_CCW_DIR_T = -1
MOTOR_CCW_DIR_P = -1
MOTOR_ID_T = 1
MOTOR_ID_P = 0

# HISTORY
TOTAL_MOVE_SEQUENCES = 43
TOTAL_CRUISE_MOVES_T = 30
TOTAL_CRUISE_MOVES_P = 18
TOTAL_CREEP_MOVES_T = 90
TOTAL_CREEP_MOVES_P = 102
TOTAL_LIMIT_SEEKS_T = 4
TOTAL_LIMIT_SEEKS_P = 5
LAST_PRIMARY_HARDSTOP_DIR_T = -1.0
LAST_PRIMARY_HARDSTOP_DIR_P = 1.0
LAST_MOVE_CMD = 'posTP; (auto backlash backup); (auto final creep)'
LAST_MOVE_VAL1 = '187.756; 3; -2.99562'
LAST_MOVE_VAL2 = '107; -0; 8.37037e-05'
LAST_MEAS_OBS_X = 70.33181519544651
LAST_MEAS_OBS_Y = 40.18089632257365
