# Template file for configuration of individual fiber positioner unit.

# ID
POS_ID = 'M00228'
CAN_ID = 483
DEVICE_ID = -1
PETAL_ID = -1

# STATE
POS_T = 99.917541205049233
POS_P = 33.949142537813813
GENERAL_SETTINGS_FILE = '_genl_settings_DEFAULT.conf'

# CALIBRATION
LENGTH_R1 = 3.0636087946344643
LENGTH_R2 = 2.983144238408816
OFFSET_T = -116.41104208504125
OFFSET_P = -0.73031330585821763
GEAR_CALIB_T = 1.0
GEAR_CALIB_P = 1.0
GEAR_TYPE_T = 'namiki'
GEAR_TYPE_P = 'namiki'
OFFSET_X = 52.74288580224227
OFFSET_Y = 32.132793527032135
PHYSICAL_RANGE_T = 394.0974911701486
PHYSICAL_RANGE_P = 184.80676288269007
MOTOR_CCW_DIR_T = -1
MOTOR_CCW_DIR_P = -1
MOTOR_ID_T = 1
MOTOR_ID_P = 0

# HISTORY
TOTAL_MOVE_SEQUENCES = 3308
TOTAL_CRUISE_MOVES_T = 838
TOTAL_CRUISE_MOVES_P = 814
TOTAL_CREEP_MOVES_T = 9002
TOTAL_CREEP_MOVES_P = 9026
TOTAL_LIMIT_SEEKS_T = 42
TOTAL_LIMIT_SEEKS_P = 52
LAST_PRIMARY_HARDSTOP_DIR_T = -1.0
LAST_PRIMARY_HARDSTOP_DIR_P = 1.0
LAST_MOVE_CMD = 'dXdY; (auto backlash backup); (auto final creep)'
LAST_MOVE_VAL1 = '7.37214e-05; 3; -3.00018'
LAST_MOVE_VAL2 = '-0.000739818; -3; 3.00012'
LAST_MEAS_OBS_X = 58.54324768762294
LAST_MEAS_OBS_Y = 32.1326643787193
