# Settings file for unit: T103

POS_ID = 'T103'
CAN_ID = 103
DEVICE_ID = -1
PETAL_ID = -1

# STATE
POS_T = -5.0123456759365581e-05
POS_P = 180.00009814814814
GENERAL_SETTINGS_FILE = '_genl_settings_DEFAULT.conf'

# CALIBRATION
LENGTH_R1 = 2.8935963011826007
LENGTH_R2 = 2.9376229945285757
OFFSET_T = 8.703095254268046
OFFSET_P = 0.0
GEAR_CALIB_T = 1.0
GEAR_CALIB_P = 1.0
GEAR_TYPE_T = 'namiki'
GEAR_TYPE_P = 'namiki'
OFFSET_X = 55.36964556078649
OFFSET_Y = 57.69175830447666
PHYSICAL_RANGE_T = 370.0
PHYSICAL_RANGE_P = 190.0
MOTOR_CCW_DIR_T = 1
MOTOR_CCW_DIR_P = 1
MOTOR_ID_T = 1
MOTOR_ID_P = 0

# HISTORY
TOTAL_MOVE_SEQUENCES = 4786
TOTAL_CRUISE_MOVES_T = 3664
TOTAL_CRUISE_MOVES_P = 2943
TOTAL_CREEP_MOVES_T = 10566
TOTAL_CREEP_MOVES_P = 11287
TOTAL_LIMIT_SEEKS_T = 95
TOTAL_LIMIT_SEEKS_P = 107
LAST_PRIMARY_HARDSTOP_DIR_T = -1.0
LAST_PRIMARY_HARDSTOP_DIR_P = 1.0
LAST_MOVE_CMD = 'posTP; (auto final creep)'
LAST_MOVE_VAL1 = '0; 5.01235e-05'
LAST_MOVE_VAL2 = '180; -9.81481e-05'
LAST_MEAS_OBS_X = 52.506424979165814
LAST_MEAS_OBS_Y = 54.05497665279808
