# Configuration file for unit M00147.
# Note this unit is one of the first 3 gamma prototypes

#ID
POS_ID = 'M00147'
CAN_ID = 147
DEVICE_ID = -1
PETAL_ID = -1

# STATE
POS_T = 69.90546383160236
POS_P = 34.73578815227276
GENERAL_SETTINGS_FILE = '_genl_settings_DEFAULT.conf'

# CALIBRATION
LENGTH_R1 = 2.7375828593180485
LENGTH_R2 = 3.0491053881614865
OFFSET_T = 94.47139526861848
OFFSET_P = -5.077326236033848
GEAR_CALIB_T = 1.0
GEAR_CALIB_P = 1.0
GEAR_TYPE_T = 'namiki'
GEAR_TYPE_P = 'namiki'
OFFSET_X = 27.1022215778017
OFFSET_Y = 10.561348446381333
PHYSICAL_RANGE_T = 393.8429106084004
PHYSICAL_RANGE_P = 189.57008555099264
MOTOR_CCW_DIR_T = -1
MOTOR_CCW_DIR_P = -1
MOTOR_ID_T = 1
MOTOR_ID_P = 0

# HISTORY
TOTAL_MOVE_SEQUENCES = 8107
TOTAL_CRUISE_MOVES_T = 2576
TOTAL_CRUISE_MOVES_P = 2579
TOTAL_CREEP_MOVES_T = 21696
TOTAL_CREEP_MOVES_P = 21693
TOTAL_LIMIT_SEEKS_T = 49
TOTAL_LIMIT_SEEKS_P = 57
LAST_PRIMARY_HARDSTOP_DIR_T = -1.0
LAST_PRIMARY_HARDSTOP_DIR_P = 1.0
LAST_MOVE_CMD = 'dXdY; (auto backlash backup); (auto final creep)'
LAST_MOVE_VAL1 = '0.000836396; 3; -3.00007'
LAST_MOVE_VAL2 = '-0.00370078; -3; 3.00011'
LAST_MEAS_OBS_X = 21.50219591174907
LAST_MEAS_OBS_Y = 10.559881749145271
