# Template file for configuration of individual fiber positioner unit.

# ID
POS_ID = 'M00184'
CAN_ID = 331
DEVICE_ID = -1
PETAL_ID = -1

# STATE
POS_T = -193.95225405498837
POS_P = 182.37831760082372
GENERAL_SETTINGS_FILE = '_genl_settings_DEFAULT.conf'

# CALIBRATION
LENGTH_R1 = 3.0227582951845346
LENGTH_R2 = 3.1046291897813152
OFFSET_T = 2.102120930005456
OFFSET_P = 2.8302856433223411
GEAR_CALIB_T = 1.0
GEAR_CALIB_P = 1.0
GEAR_TYPE_T = 'namiki'
GEAR_TYPE_P = 'namiki'
OFFSET_X = 60.896950308782714
OFFSET_Y = 16.231425979046733
PHYSICAL_RANGE_T = 393.90450810997675
PHYSICAL_RANGE_P = 187.25082585941789
MOTOR_CCW_DIR_T = -1
MOTOR_CCW_DIR_P = -1
MOTOR_ID_T = 1
MOTOR_ID_P = 0

# HISTORY
TOTAL_MOVE_SEQUENCES = 36374
TOTAL_CRUISE_MOVES_T = 7126
TOTAL_CRUISE_MOVES_P = 7145
TOTAL_CREEP_MOVES_T = 101743
TOTAL_CREEP_MOVES_P = 101724
TOTAL_LIMIT_SEEKS_T = 148
TOTAL_LIMIT_SEEKS_P = 177
LAST_PRIMARY_HARDSTOP_DIR_T = -1.0
LAST_PRIMARY_HARDSTOP_DIR_P = 1.0
LAST_MOVE_CMD = 'P limit seek; T limit seek; debounce direct_dtdp; debounce direct_dtdp'
LAST_MOVE_VAL1 = '0; -1; 3; 3'
LAST_MOVE_VAL2 = '1; 0; 0; -3'
LAST_MEAS_OBS_X = 66.69686549671779
LAST_MEAS_OBS_Y = 16.234217497409478
