# Template file for configuration of individual fiber positioner unit.

# ID
POS_ID = 'M00228'
CAN_ID = 483
DEVICE_ID = -1
PETAL_ID = -1

# STATE
POS_T = 99.800175400322559
POS_P = 34.475234995526598
GENERAL_SETTINGS_FILE = '_genl_settings_DEFAULT.conf'

# CALIBRATION
LENGTH_R1 = 3.063899816358123
LENGTH_R2 = 2.9832570941119503
OFFSET_T = -116.30747934228303
OFFSET_P = -1.2375443603761909
GEAR_CALIB_T = 1.0
GEAR_CALIB_P = 1.0
GEAR_TYPE_T = 'namiki'
GEAR_TYPE_P = 'namiki'
OFFSET_X = 52.743033771507264
OFFSET_Y = 32.133397486188301
PHYSICAL_RANGE_T = 393.98007611293542
PHYSICAL_RANGE_P = 184.71808323528688
MOTOR_CCW_DIR_T = -1
MOTOR_CCW_DIR_P = -1
MOTOR_ID_T = 1
MOTOR_ID_P = 0

# HISTORY
TOTAL_MOVE_SEQUENCES = 3472
TOTAL_CRUISE_MOVES_T = 893
TOTAL_CRUISE_MOVES_P = 866
TOTAL_CREEP_MOVES_T = 9431
TOTAL_CREEP_MOVES_P = 9458
TOTAL_LIMIT_SEEKS_T = 46
TOTAL_LIMIT_SEEKS_P = 57
LAST_PRIMARY_HARDSTOP_DIR_T = -1.0
LAST_PRIMARY_HARDSTOP_DIR_P = 1.0
LAST_MOVE_CMD = 'dXdY; (auto backlash backup); (auto final creep)'
LAST_MOVE_VAL1 = '0.000268292; 3; -3.00013'
LAST_MOVE_VAL2 = '-0.00113995; -3; 2.99993'
LAST_MEAS_OBS_X = 58.54331461470606
LAST_MEAS_OBS_Y = 32.13358829529653
