# Template file for configuration of individual fiber positioner unit.

# ID
POS_ID = 'M00065'
CAN_ID = 312
DEVICE_ID = -1
PETAL_ID = -1

# STATE
POS_T = 25.084792117275779
POS_P = 15.74431456248408
GENERAL_SETTINGS_FILE = '_genl_settings_DEFAULT.conf'

# CALIBRATION
LENGTH_R1 = 2.8054334152607332
LENGTH_R2 = 3.022148280010716
OFFSET_T = -30.851357041357918
OFFSET_P = -4.243917910289511
GEAR_CALIB_T = 1.0
GEAR_CALIB_P = 1.0
GEAR_TYPE_T = 'namiki'
GEAR_TYPE_P = 'namiki'
OFFSET_X = 22.162318943040955
OFFSET_Y = 25.884662685133286
PHYSICAL_RANGE_T = 392.69147650618999
PHYSICAL_RANGE_P = 180.88662525952424
MOTOR_CCW_DIR_T = -1
MOTOR_CCW_DIR_P = -1
MOTOR_ID_T = 1
MOTOR_ID_P = 0

# HISTORY
TOTAL_MOVE_SEQUENCES = 9211
TOTAL_CRUISE_MOVES_T = 1906
TOTAL_CRUISE_MOVES_P = 1894
TOTAL_CREEP_MOVES_T = 25645
TOTAL_CREEP_MOVES_P = 25657
TOTAL_LIMIT_SEEKS_T = 41
TOTAL_LIMIT_SEEKS_P = 49
LAST_PRIMARY_HARDSTOP_DIR_T = -1.0
LAST_PRIMARY_HARDSTOP_DIR_P = 1.0
LAST_MOVE_CMD = 'dXdY; (auto backlash backup); (auto final creep)'
LAST_MOVE_VAL1 = '-0.000568933; 3; -2.99995'
LAST_MOVE_VAL2 = '0.000578964; -3; 2.99999'
LAST_MEAS_OBS_X = 27.96152165740625
LAST_MEAS_OBS_Y = 25.884155227566204
