# Template file for configuration of individual fiber positioner unit.

# ID
POS_ID = 'M00265'
CAN_ID = 204
DEVICE_ID = -1
PETAL_ID = -1

# STATE
POS_T = 101.55554877318879
POS_P = 33.95189008929259
GENERAL_SETTINGS_FILE = '_genl_settings_DEFAULT.conf'

# CALIBRATION
LENGTH_R1 = 2.9834131236062849
LENGTH_R2 = 3.0844659813012734
OFFSET_T = -118.21997769507576
OFFSET_P = 0.55992480233337005
GEAR_CALIB_T = 1.0
GEAR_CALIB_P = 1.0
GEAR_TYPE_T = 'namiki'
GEAR_TYPE_P = 'namiki'
OFFSET_X = 30.200576551870771
OFFSET_Y = 47.952163835565621
PHYSICAL_RANGE_T = 393.7566244289311
PHYSICAL_RANGE_P = 183.85051549111733
MOTOR_CCW_DIR_T = -1
MOTOR_CCW_DIR_P = -1
MOTOR_ID_T = 1
MOTOR_ID_P = 0

# HISTORY
TOTAL_MOVE_SEQUENCES = 3635
TOTAL_CRUISE_MOVES_T = 1019
TOTAL_CRUISE_MOVES_P = 943
TOTAL_CREEP_MOVES_T = 9788
TOTAL_CREEP_MOVES_P = 9864
TOTAL_LIMIT_SEEKS_T = 50
TOTAL_LIMIT_SEEKS_P = 62
LAST_PRIMARY_HARDSTOP_DIR_T = -1.0
LAST_PRIMARY_HARDSTOP_DIR_P = 1.0
LAST_MOVE_CMD = 'dXdY; (auto backlash backup); (auto final creep)'
LAST_MOVE_VAL1 = '-0.00136113; 3; -3.00016'
LAST_MOVE_VAL2 = '0.00171358; -3; 3.00009'
LAST_MEAS_OBS_X = 36.00063686748517
LAST_MEAS_OBS_Y = 47.95202162224493
