# Template file for configuration of individual fiber positioner unit.

# ID
POS_ID = 'M00208'
CAN_ID = 172
DEVICE_ID = -1
PETAL_ID = -1

# STATE
POS_T = -193.93008315746096
POS_P = 178.24003112597256
GENERAL_SETTINGS_FILE = '_genl_settings_DEFAULT.conf'

# CALIBRATION
LENGTH_R1 = 2.9724616348950921
LENGTH_R2 = 3.0016058363812275
OFFSET_T = 50.895774044358653
OFFSET_P = 0.28344556444049829
GEAR_CALIB_T = 1.0
GEAR_CALIB_P = 1.0
GEAR_TYPE_T = 'namiki'
GEAR_TYPE_P = 'namiki'
OFFSET_X = 45.839673497075616
OFFSET_Y = 16.004485228577529
PHYSICAL_RANGE_T = 393.86016631492191
PHYSICAL_RANGE_P = 183.07073851108339
MOTOR_CCW_DIR_T = -1
MOTOR_CCW_DIR_P = -1
MOTOR_ID_T = 1
MOTOR_ID_P = 0

# HISTORY
TOTAL_MOVE_SEQUENCES = 4612
TOTAL_CRUISE_MOVES_T = 971
TOTAL_CRUISE_MOVES_P = 976
TOTAL_CREEP_MOVES_T = 12825
TOTAL_CREEP_MOVES_P = 12820
TOTAL_LIMIT_SEEKS_T = 26
TOTAL_LIMIT_SEEKS_P = 31
LAST_PRIMARY_HARDSTOP_DIR_T = -1.0
LAST_PRIMARY_HARDSTOP_DIR_P = 1.0
LAST_MOVE_CMD = 'P limit seek; T limit seek; debounce direct_dtdp; debounce direct_dtdp'
LAST_MOVE_VAL1 = '0; -1; 3; 3'
LAST_MOVE_VAL2 = '1; 0; -3; -3'
LAST_MEAS_OBS_X = 51.63968460207385
LAST_MEAS_OBS_Y = 16.004364617212072
