# Configuration file for unit M00683.

#ID
POS_ID = 'M00683'
CAN_ID = 376
DEVICE_ID = -1
PETAL_ID = -1

# STATE
POS_T = -48.905300904947772
POS_P = 43.255144814814983
GENERAL_SETTINGS_FILE = '_genl_settings_DEFAULT.conf'

# CALIBRATION
LENGTH_R1 = 2.987022715492941
LENGTH_R2 = 3.100719238983999
OFFSET_T = 30.562151459801395
OFFSET_P = -7.2969598684482264
GEAR_CALIB_T = 1.0
GEAR_CALIB_P = 1.0
GEAR_TYPE_T = 'namiki'
GEAR_TYPE_P = 'namiki'
OFFSET_X = 30.816654694362526
OFFSET_Y = 48.616001726759279
PHYSICAL_RANGE_T = 393.63916526668561
PHYSICAL_RANGE_P = 190.0
MOTOR_CCW_DIR_T = -1
MOTOR_CCW_DIR_P = -1
MOTOR_ID_T = 1
MOTOR_ID_P = 0

# HISTORY
TOTAL_MOVE_SEQUENCES = 2284
TOTAL_CRUISE_MOVES_T = 508
TOTAL_CRUISE_MOVES_P = 517
TOTAL_CREEP_MOVES_T = 6319
TOTAL_CREEP_MOVES_P = 6310
TOTAL_LIMIT_SEEKS_T = 14
TOTAL_LIMIT_SEEKS_P = 17
LAST_PRIMARY_HARDSTOP_DIR_T = -1.0
LAST_PRIMARY_HARDSTOP_DIR_P = 1.0
LAST_MOVE_CMD = 'dXdY; (auto backlash backup); (auto final creep)'
LAST_MOVE_VAL1 = '-0.000472611; 3; -2.99999'
LAST_MOVE_VAL2 = '-0.000362791; -3; 3.00015'
LAST_MEAS_OBS_X = 36.61644972240253
LAST_MEAS_OBS_Y = 48.61535228885073
