# Settings file for fiber positioner unit: UM00013

POS_ID = 'UM00013'
CAN_ID = 13
DEVICE_ID = -1
PETAL_ID = -1

# STATE
POS_T = 171.39208095290675
POS_P = 4.1049472189372409
GENERAL_SETTINGS_FILE = '_genl_settings_DEFAULT.conf'

# CALIBRATION
LENGTH_R1 = 3.467475047108692
LENGTH_R2 = 2.8911883847762834
OFFSET_T = 91.17306719575886
OFFSET_P = 3.4469541661225875
GEAR_CALIB_T = 1.0
GEAR_CALIB_P = 1.0
GEAR_TYPE_T = 'namiki'
GEAR_TYPE_P = 'namiki'
OFFSET_X = 14.15172763420572
OFFSET_Y = 7.151872305267759
PHYSICAL_RANGE_T = 383.21586130406314
PHYSICAL_RANGE_P = 189.50779803883177
MOTOR_CCW_DIR_T = 1
MOTOR_CCW_DIR_P = 1
MOTOR_ID_T = 1
MOTOR_ID_P = 0

# HISTORY
TOTAL_MOVE_SEQUENCES = 3552
TOTAL_CRUISE_MOVES_T = 1048
TOTAL_CRUISE_MOVES_P = 1493
TOTAL_CREEP_MOVES_T = 9629
TOTAL_CREEP_MOVES_P = 9184
TOTAL_LIMIT_SEEKS_T = 101
TOTAL_LIMIT_SEEKS_P = 99
LAST_PRIMARY_HARDSTOP_DIR_T = -1.0
LAST_PRIMARY_HARDSTOP_DIR_P = 1.0
LAST_MOVE_CMD = 'posTP; (auto backlash backup); (auto final creep)'
LAST_MOVE_VAL1 = '-188.608; 3; -2.99593'
LAST_MOVE_VAL2 = '4.10492; -3; 3.00211'
LAST_MEAS_OBS_X = 19.953118946951122
LAST_MEAS_OBS_Y = 7.148907394520399
