# Configuration file for unit M00358.

#ID
POS_ID = 'M00358'
CAN_ID = 24
DEVICE_ID = -1
PETAL_ID = -1

# STATE
POS_T = 179.99991653777192
POS_P = -2.9999719753086325
GENERAL_SETTINGS_FILE = '_genl_settings_DEFAULT.conf'

# CALIBRATION
LENGTH_R1 = 3.0324482679716445
LENGTH_R2 = 3.1391198474361057
OFFSET_T = -56.339585506385575
OFFSET_P = -3.5053033316123816
GEAR_CALIB_T = 1.0
GEAR_CALIB_P = 1.0
GEAR_TYPE_T = 'namiki'
GEAR_TYPE_P = 'namiki'
OFFSET_X = 60.553090641891608
OFFSET_Y = 48.601951161433391
PHYSICAL_RANGE_T = 394.08418322075255
PHYSICAL_RANGE_P = 190.0
MOTOR_CCW_DIR_T = -1
MOTOR_CCW_DIR_P = -1
MOTOR_ID_T = 1
MOTOR_ID_P = 0

# HISTORY
TOTAL_MOVE_SEQUENCES = 3272
TOTAL_CRUISE_MOVES_T = 872
TOTAL_CRUISE_MOVES_P = 796
TOTAL_CREEP_MOVES_T = 8864
TOTAL_CREEP_MOVES_P = 8940
TOTAL_LIMIT_SEEKS_T = 46
TOTAL_LIMIT_SEEKS_P = 55
LAST_PRIMARY_HARDSTOP_DIR_T = -1.0
LAST_PRIMARY_HARDSTOP_DIR_P = 1.0
LAST_MOVE_CMD = 'posTP; (auto backlash backup); (auto final creep)'
LAST_MOVE_VAL1 = '180; 3; -2.99968'
LAST_MOVE_VAL2 = '-3; -3; -4.10366'
LAST_MEAS_OBS_X = 66.35369979400838
LAST_MEAS_OBS_Y = 48.60231569471695
