# Template file for configuration of individual fiber positioner unit.

# ID
POS_ID = 'M00001'
CAN_ID = 1001
DEVICE_ID = -1
PETAL_ID = -1

# STATE
POS_T = -182.39990917613702
POS_P = 45.96313203389978
GENERAL_SETTINGS_FILE = '_genl_settings_DEFAULT.conf'

# CALIBRATION
LENGTH_R1 = 3.0354885856472809
LENGTH_R2 = 3.065810695530244
OFFSET_T = -36.701154465061741
OFFSET_P = -1.3144675357110032
GEAR_CALIB_T = 1.0
GEAR_CALIB_P = 1.0
GEAR_TYPE_T = 'namiki'
GEAR_TYPE_P = 'namiki'
OFFSET_X = 19.305985336863934
OFFSET_Y = 25.696154325917242
PHYSICAL_RANGE_T = 391.95182178038505
PHYSICAL_RANGE_P = 188.18543988985266
MOTOR_CCW_DIR_T = -1
MOTOR_CCW_DIR_P = -1
MOTOR_ID_T = 1
MOTOR_ID_P = 0

# HISTORY
TOTAL_MOVE_SEQUENCES = 1869
TOTAL_CRUISE_MOVES_T = 1446
TOTAL_CRUISE_MOVES_P = 535
TOTAL_CREEP_MOVES_T = 4113
TOTAL_CREEP_MOVES_P = 5024
TOTAL_LIMIT_SEEKS_T = 33
TOTAL_LIMIT_SEEKS_P = 37
LAST_PRIMARY_HARDSTOP_DIR_T = -1.0
LAST_PRIMARY_HARDSTOP_DIR_P = 1.0
LAST_MOVE_CMD = 'dXdY; (auto backlash backup); (auto final creep)'
LAST_MOVE_VAL1 = '0.149691; 3; -2.99765'
LAST_MOVE_VAL2 = '0.538301; -3; 3.00007'
LAST_MEAS_OBS_X = 13.898889731674569
LAST_MEAS_OBS_Y = 27.314227115822153
