# Template file for configuration of individual fiber positioner unit.

# ID
POS_ID = 'M00277'
CAN_ID = 99
DEVICE_ID = -1
PETAL_ID = -1

# STATE
POS_T = 184.99992994504956
POS_P = -2.999971975308398
GENERAL_SETTINGS_FILE = '_genl_settings_DEFAULT.conf'

# CALIBRATION
LENGTH_R1 = 3.0336155528141107
LENGTH_R2 = 3.1085203983095817
OFFSET_T = -92.306884992094879
OFFSET_P = -3.6727344719332677
GEAR_CALIB_T = 1.0
GEAR_CALIB_P = 1.0
GEAR_TYPE_T = 'namiki'
GEAR_TYPE_P = 'namiki'
OFFSET_X = 58.7695146482449
OFFSET_Y = 34.119998538512647
PHYSICAL_RANGE_T = 389.95860307286347
PHYSICAL_RANGE_P = 190.0
MOTOR_CCW_DIR_T = -1
MOTOR_CCW_DIR_P = -1
MOTOR_ID_T = 1
MOTOR_ID_P = 0

# HISTORY
TOTAL_MOVE_SEQUENCES = 6452
TOTAL_CRUISE_MOVES_T = 2916
TOTAL_CRUISE_MOVES_P = 2671
TOTAL_CREEP_MOVES_T = 16368
TOTAL_CREEP_MOVES_P = 16613
TOTAL_LIMIT_SEEKS_T = 34
TOTAL_LIMIT_SEEKS_P = 42
LAST_PRIMARY_HARDSTOP_DIR_T = -1.0
LAST_PRIMARY_HARDSTOP_DIR_P = 1.0
LAST_MOVE_CMD = 'posTP; (auto backlash backup); (auto final creep)'
LAST_MOVE_VAL1 = '185; 3; -3.00177'
LAST_MOVE_VAL2 = '-3; -3; -4.09773'
LAST_MEAS_OBS_X = 64.60277831362653
LAST_MEAS_OBS_Y = 34.44973976404816
