# Template file for configuration of individual fiber positioner unit.

# ID
POS_ID = 'M00184'
CAN_ID = 331
DEVICE_ID = -1
PETAL_ID = -1

# STATE
POS_T = -194.0418355889733
POS_P = 182.034973871846
GENERAL_SETTINGS_FILE = '_genl_settings_DEFAULT.conf'

# CALIBRATION
LENGTH_R1 = 3.0230689791363519
LENGTH_R2 = 3.1058737551353719
OFFSET_T = 1.2221214821439748
OFFSET_P = 2.5788906578276993
GEAR_CALIB_T = 1.0
GEAR_CALIB_P = 1.0
GEAR_TYPE_T = 'namiki'
GEAR_TYPE_P = 'namiki'
OFFSET_X = 60.896643865000875
OFFSET_Y = 16.231565271431478
PHYSICAL_RANGE_T = 394.0836711779466
PHYSICAL_RANGE_P = 186.90401401196567
MOTOR_CCW_DIR_T = -1
MOTOR_CCW_DIR_P = -1
MOTOR_ID_T = 1
MOTOR_ID_P = 0

# HISTORY
TOTAL_MOVE_SEQUENCES = 38523
TOTAL_CRUISE_MOVES_T = 7533
TOTAL_CRUISE_MOVES_P = 7553
TOTAL_CREEP_MOVES_T = 107775
TOTAL_CREEP_MOVES_P = 107755
TOTAL_LIMIT_SEEKS_T = 153
TOTAL_LIMIT_SEEKS_P = 183
LAST_PRIMARY_HARDSTOP_DIR_T = -1.0
LAST_PRIMARY_HARDSTOP_DIR_P = 1.0
LAST_MOVE_CMD = 'P limit seek; T limit seek; debounce direct_dtdp; debounce direct_dtdp'
LAST_MOVE_VAL1 = '0; -1; 3; 3'
LAST_MOVE_VAL2 = '1; 0; 0; -3'
LAST_MEAS_OBS_X = 66.69727362930016
LAST_MEAS_OBS_Y = 16.229704613225927
