# Configuration file for unit M00358.

#ID
POS_ID = 'M00358'
CAN_ID = 24
DEVICE_ID = -1
PETAL_ID = -1

# STATE
POS_T = -0.17708611718826539
POS_P = 40.395879876543141
GENERAL_SETTINGS_FILE = '_genl_settings_DEFAULT.conf'

# CALIBRATION
LENGTH_R1 = 3.0380228512117298
LENGTH_R2 = 3.1372694628783293
OFFSET_T = -20.43869599638386
OFFSET_P = -0.010863093733816775
GEAR_CALIB_T = 1.0
GEAR_CALIB_P = 1.0
GEAR_TYPE_T = 'namiki'
GEAR_TYPE_P = 'namiki'
OFFSET_X = 15.656437975847135
OFFSET_Y = 16.123578656057852
PHYSICAL_RANGE_T = 394.59646507388265
PHYSICAL_RANGE_P = 190.0
MOTOR_CCW_DIR_T = -1
MOTOR_CCW_DIR_P = -1
MOTOR_ID_T = 1
MOTOR_ID_P = 0

# HISTORY
TOTAL_MOVE_SEQUENCES = 5080
TOTAL_CRUISE_MOVES_T = 1555
TOTAL_CRUISE_MOVES_P = 1431
TOTAL_CREEP_MOVES_T = 13470
TOTAL_CREEP_MOVES_P = 13594
TOTAL_LIMIT_SEEKS_T = 111
TOTAL_LIMIT_SEEKS_P = 132
LAST_PRIMARY_HARDSTOP_DIR_T = -1.0
LAST_PRIMARY_HARDSTOP_DIR_P = 1.0
LAST_MOVE_CMD = 'dXdY; (auto backlash backup); (auto final creep)'
LAST_MOVE_VAL1 = '-0.000391707; 3; -3.00021'
LAST_MOVE_VAL2 = '-0.000459937; -3; 3.00005'
LAST_MEAS_OBS_X = 21.45598234394787
LAST_MEAS_OBS_Y = 16.126175890954688
