# Configuration file for unit M00358.

#ID
POS_ID = 'M00358'
CAN_ID = 24
DEVICE_ID = -1
PETAL_ID = -1

# STATE
POS_T = -1.2760345510049329
POS_P = 41.003836790123415
GENERAL_SETTINGS_FILE = '_genl_settings_DEFAULT.conf'

# CALIBRATION
LENGTH_R1 = 3.0381393692566285
LENGTH_R2 = 3.1369729161300506
OFFSET_T = -19.361676604198365
OFFSET_P = -0.58787579527885025
GEAR_CALIB_T = 1.0
GEAR_CALIB_P = 1.0
GEAR_TYPE_T = 'namiki'
GEAR_TYPE_P = 'namiki'
OFFSET_X = 15.656356821796964
OFFSET_Y = 16.123384928074071
PHYSICAL_RANGE_T = 394.64591157114552
PHYSICAL_RANGE_P = 190.0
MOTOR_CCW_DIR_T = -1
MOTOR_CCW_DIR_P = -1
MOTOR_ID_T = 1
MOTOR_ID_P = 0

# HISTORY
TOTAL_MOVE_SEQUENCES = 4752
TOTAL_CRUISE_MOVES_T = 1445
TOTAL_CRUISE_MOVES_P = 1325
TOTAL_CREEP_MOVES_T = 12613
TOTAL_CREEP_MOVES_P = 12733
TOTAL_LIMIT_SEEKS_T = 103
TOTAL_LIMIT_SEEKS_P = 122
LAST_PRIMARY_HARDSTOP_DIR_T = -1.0
LAST_PRIMARY_HARDSTOP_DIR_P = 1.0
LAST_MOVE_CMD = 'dXdY; (auto backlash backup); (auto final creep)'
LAST_MOVE_VAL1 = '-0.000695585; 3; -3.00011'
LAST_MOVE_VAL2 = '-5.72791e-05; -3; 3.00011'
LAST_MEAS_OBS_X = 21.456460816788876
LAST_MEAS_OBS_Y = 16.124982561897916
