# Configuration file for unit M00318.

#ID
POS_ID = 'M00318'
CAN_ID = 249
DEVICE_ID = -1
PETAL_ID = -1

# STATE
POS_T = 26.155048855740766
POS_P = 39.424215925925978
GENERAL_SETTINGS_FILE = '_genl_settings_DEFAULT.conf'

# CALIBRATION
LENGTH_R1 = 2.9552699893503518
LENGTH_R2 = 3.1151493195303881
OFFSET_T = -43.81441006314477
OFFSET_P = -4.7386324259929893
GEAR_CALIB_T = 1.0
GEAR_CALIB_P = 1.0
GEAR_TYPE_T = 'namiki'
GEAR_TYPE_P = 'namiki'
OFFSET_X = 30.761741140645199
OFFSET_Y = 16.008332904063479
PHYSICAL_RANGE_T = 394.5467013008639
PHYSICAL_RANGE_P = 190.0
MOTOR_CCW_DIR_T = -1
MOTOR_CCW_DIR_P = -1
MOTOR_ID_T = 1
MOTOR_ID_P = 0

# HISTORY
TOTAL_MOVE_SEQUENCES = 5409
TOTAL_CRUISE_MOVES_T = 1669
TOTAL_CRUISE_MOVES_P = 1551
TOTAL_CREEP_MOVES_T = 14325
TOTAL_CREEP_MOVES_P = 14443
TOTAL_LIMIT_SEEKS_T = 119
TOTAL_LIMIT_SEEKS_P = 142
LAST_PRIMARY_HARDSTOP_DIR_T = -1.0
LAST_PRIMARY_HARDSTOP_DIR_P = 1.0
LAST_MOVE_CMD = 'dXdY; (auto backlash backup); (auto final creep)'
LAST_MOVE_VAL1 = '-0.00023416; 3; -3.00009'
LAST_MOVE_VAL2 = '7.87184e-05; -3; 3.00007'
LAST_MEAS_OBS_X = 36.561799473925845
LAST_MEAS_OBS_Y = 16.009162054106614
