# Configuration file for unit M00386.

#ID
POS_ID = 'M00386'
CAN_ID = 348
DEVICE_ID = -1
PETAL_ID = -1

# STATE
POS_T = -162.53088803794049
POS_P = 38.337244691357931
GENERAL_SETTINGS_FILE = '_genl_settings_DEFAULT.conf'

# CALIBRATION
LENGTH_R1 = 2.9087727040086513
LENGTH_R2 = 3.084804632597824
OFFSET_T = 147.33839545866365
OFFSET_P = -8.6572321570324178
GEAR_CALIB_T = 1.0
GEAR_CALIB_P = 1.0
GEAR_TYPE_T = 'namiki'
GEAR_TYPE_P = 'namiki'
OFFSET_X = 45.607255347250941
OFFSET_Y = 16.07008219163141
PHYSICAL_RANGE_T = 393.91284200180667
PHYSICAL_RANGE_P = 190.0
MOTOR_CCW_DIR_T = -1
MOTOR_CCW_DIR_P = -1
MOTOR_ID_T = 1
MOTOR_ID_P = 0

# HISTORY
TOTAL_MOVE_SEQUENCES = 3641
TOTAL_CRUISE_MOVES_T = 1073
TOTAL_CRUISE_MOVES_P = 1046
TOTAL_CREEP_MOVES_T = 9726
TOTAL_CREEP_MOVES_P = 9753
TOTAL_LIMIT_SEEKS_T = 64
TOTAL_LIMIT_SEEKS_P = 75
LAST_PRIMARY_HARDSTOP_DIR_T = -1.0
LAST_PRIMARY_HARDSTOP_DIR_P = 1.0
LAST_MOVE_CMD = 'dXdY; (auto backlash backup); (auto final creep)'
LAST_MOVE_VAL1 = '-2.86964e-05; 3; -2.99995'
LAST_MOVE_VAL2 = '0.000510158; -3; 3.00007'
LAST_MEAS_OBS_X = 51.407747335554845
LAST_MEAS_OBS_Y = 16.07148942742217
