# Template file for configuration of individual fiber positioner unit.

# ID
POS_ID = 'M00175'
CAN_ID = 195
DEVICE_ID = -1
PETAL_ID = -1

# STATE
POS_T = -63.13670679568807
POS_P = 31.097255423193104
GENERAL_SETTINGS_FILE = '_genl_settings_DEFAULT.conf'

# CALIBRATION
LENGTH_R1 = 3.0141738510820053
LENGTH_R2 = 3.0326404891398013
OFFSET_T = 46.420611539539323
OFFSET_P = 2.1500840055297061
GEAR_CALIB_T = 1.0
GEAR_CALIB_P = 1.0
GEAR_TYPE_T = 'namiki'
GEAR_TYPE_P = 'namiki'
OFFSET_X = 29.558128320613243
OFFSET_Y = 41.86817411696412
PHYSICAL_RANGE_T = 392.56197013458694
PHYSICAL_RANGE_P = 183.57044992241785
MOTOR_CCW_DIR_T = -1
MOTOR_CCW_DIR_P = -1
MOTOR_ID_T = 1
MOTOR_ID_P = 0

# HISTORY
TOTAL_MOVE_SEQUENCES = 2154
TOTAL_CRUISE_MOVES_T = 405
TOTAL_CRUISE_MOVES_P = 409
TOTAL_CREEP_MOVES_T = 6048
TOTAL_CREEP_MOVES_P = 6044
TOTAL_LIMIT_SEEKS_T = 5
TOTAL_LIMIT_SEEKS_P = 6
LAST_PRIMARY_HARDSTOP_DIR_T = -1.0
LAST_PRIMARY_HARDSTOP_DIR_P = 1.0
LAST_MOVE_CMD = 'dXdY; (auto backlash backup); (auto final creep)'
LAST_MOVE_VAL1 = '0.000122347; 3; -3.00011'
LAST_MOVE_VAL2 = '-0.000326656; -3; 2.99995'
LAST_MEAS_OBS_X = 35.35790769360364
LAST_MEAS_OBS_Y = 41.86868378395754
