# Configuration file for unit M00124.
# Note this unit is one of the first 3 gamma prototypes

#ID
POS_ID = 'M00124'
CAN_ID = 124
DEVICE_ID = -1
PETAL_ID = -1

# STATE
POS_T = -178.18208875908596
POS_P = 31.131243777331473
GENERAL_SETTINGS_FILE = '_genl_settings_DEFAULT.conf'

# CALIBRATION
LENGTH_R1 = 2.6569625703312916
LENGTH_R2 = 3.119916026729392
OFFSET_T = 161.6010993695998
OFFSET_P = -2.1178245333605776
GEAR_CALIB_T = 1.0
GEAR_CALIB_P = 1.0
GEAR_TYPE_T = 'namiki'
GEAR_TYPE_P = 'namiki'
OFFSET_X = 27.001858154339903
OFFSET_Y = 31.213242424117773
PHYSICAL_RANGE_T = 392.8177501107656
PHYSICAL_RANGE_P = 188.2495892999604
MOTOR_CCW_DIR_T = -1
MOTOR_CCW_DIR_P = -1
MOTOR_ID_T = 1
MOTOR_ID_P = 0

# HISTORY
TOTAL_MOVE_SEQUENCES = 2778
TOTAL_CRUISE_MOVES_T = 478
TOTAL_CRUISE_MOVES_P = 514
TOTAL_CREEP_MOVES_T = 7852
TOTAL_CREEP_MOVES_P = 7816
TOTAL_LIMIT_SEEKS_T = 10
TOTAL_LIMIT_SEEKS_P = 11
LAST_PRIMARY_HARDSTOP_DIR_T = -1.0
LAST_PRIMARY_HARDSTOP_DIR_P = 1.0
LAST_MOVE_CMD = 'dXdY; (auto backlash backup); (auto final creep)'
LAST_MOVE_VAL1 = '-0.000211234; 3; -3.0002'
LAST_MOVE_VAL2 = '-0.000417923; -3; 3.00009'
LAST_MEAS_OBS_X = 32.60191695686741
LAST_MEAS_OBS_Y = 31.212831112929052
