# Template file for configuration of individual fiber positioner unit.

# ID
POS_ID = 'M00264'
CAN_ID = 286
DEVICE_ID = -1
PETAL_ID = -1

# STATE
POS_T = -27.010859587927044
POS_P = 35.554159629629631
GENERAL_SETTINGS_FILE = '_genl_settings_DEFAULT.conf'

# CALIBRATION
LENGTH_R1 = 3.042865781352353
LENGTH_R2 = 2.9492619671728924
OFFSET_T = 12.423852732151628
OFFSET_P = -5.7461738616217986
GEAR_CALIB_T = 1.0
GEAR_CALIB_P = 1.0
GEAR_TYPE_T = 'namiki'
GEAR_TYPE_P = 'namiki'
OFFSET_X = 67.946648928805971
OFFSET_Y = 32.043025186282449
PHYSICAL_RANGE_T = 392.4790001635086
PHYSICAL_RANGE_P = 190.0
MOTOR_CCW_DIR_T = -1
MOTOR_CCW_DIR_P = -1
MOTOR_ID_T = 1
MOTOR_ID_P = 0

# HISTORY
TOTAL_MOVE_SEQUENCES = 3046
TOTAL_CRUISE_MOVES_T = 716
TOTAL_CRUISE_MOVES_P = 732
TOTAL_CREEP_MOVES_T = 8360
TOTAL_CREEP_MOVES_P = 8344
TOTAL_LIMIT_SEEKS_T = 32
TOTAL_LIMIT_SEEKS_P = 39
LAST_PRIMARY_HARDSTOP_DIR_T = -1.0
LAST_PRIMARY_HARDSTOP_DIR_P = 1.0
LAST_MOVE_CMD = 'dXdY; (auto backlash backup); (auto final creep)'
LAST_MOVE_VAL1 = '-0.00151176; 3; -3.00006'
LAST_MOVE_VAL2 = '0.00405296; -3; 3.00005'
LAST_MEAS_OBS_X = 73.74678145051524
LAST_MEAS_OBS_Y = 32.042282520772496
