# Template file for configuration of individual fiber positioner unit.

# ID
POS_ID = 'M00254'
CAN_ID = 261
DEVICE_ID = -1
PETAL_ID = -1

# STATE
POS_T = -138.43314599567202
POS_P = 40.229946263574419
GENERAL_SETTINGS_FILE = '_genl_settings_DEFAULT.conf'

# CALIBRATION
LENGTH_R1 = 3.0697492967902913
LENGTH_R2 = 3.0398586846805604
OFFSET_T = 128.53675231909409
OFFSET_P = -2.7668760836743331
GEAR_CALIB_T = 1.0
GEAR_CALIB_P = 1.0
GEAR_TYPE_T = 'namiki'
GEAR_TYPE_P = 'namiki'
OFFSET_X = 37.965771546233675
OFFSET_Y = 32.315506785634902
PHYSICAL_RANGE_T = 393.94544458393648
PHYSICAL_RANGE_P = 188.43652272539629
MOTOR_CCW_DIR_T = -1
MOTOR_CCW_DIR_P = -1
MOTOR_ID_T = 1
MOTOR_ID_P = 0

# HISTORY
TOTAL_MOVE_SEQUENCES = 3199
TOTAL_CRUISE_MOVES_T = 836
TOTAL_CRUISE_MOVES_P = 795
TOTAL_CREEP_MOVES_T = 8691
TOTAL_CREEP_MOVES_P = 8732
TOTAL_LIMIT_SEEKS_T = 35
TOTAL_LIMIT_SEEKS_P = 43
LAST_PRIMARY_HARDSTOP_DIR_T = -1.0
LAST_PRIMARY_HARDSTOP_DIR_P = 1.0
LAST_MOVE_CMD = 'dXdY; (auto backlash backup); (auto final creep)'
LAST_MOVE_VAL1 = '-0.00798807; 3; -3.00008'
LAST_MOVE_VAL2 = '-0.0383467; -3; 2.99997'
LAST_MEAS_OBS_X = 43.76385467614408
LAST_MEAS_OBS_Y = 32.29627754965587
