# Configuration file for unit M00124.
# Note this unit is one of the first 3 gamma prototypes

#ID
POS_ID = 'M00124'
CAN_ID = 124
DEVICE_ID = -1
PETAL_ID = -1

# STATE
POS_T = -1.5000263200860928
POS_P = 93.67198076451787
GENERAL_SETTINGS_FILE = '_genl_settings_DEFAULT.conf'

# CALIBRATION
LENGTH_R1 = 2.656182048310091
LENGTH_R2 = 3.129956250949745
OFFSET_T = 160.35649164364236
OFFSET_P = -1.7963120536335282
GEAR_CALIB_T = 1.0
GEAR_CALIB_P = 1.0
GEAR_TYPE_T = 'namiki'
GEAR_TYPE_P = 'namiki'
OFFSET_X = 27.0730701128581
OFFSET_Y = 31.354597424424835
PHYSICAL_RANGE_T = 392.48006572659204
PHYSICAL_RANGE_P = 188.10589340224408
MOTOR_CCW_DIR_T = -1
MOTOR_CCW_DIR_P = -1
MOTOR_ID_T = 1
MOTOR_ID_P = 0

# HISTORY
TOTAL_MOVE_SEQUENCES = 5287
TOTAL_CRUISE_MOVES_T = 1419
TOTAL_CRUISE_MOVES_P = 1439
TOTAL_CREEP_MOVES_T = 14397
TOTAL_CREEP_MOVES_P = 14377
TOTAL_LIMIT_SEEKS_T = 45
TOTAL_LIMIT_SEEKS_P = 52
LAST_PRIMARY_HARDSTOP_DIR_T = -1.0
LAST_PRIMARY_HARDSTOP_DIR_P = 1.0
LAST_MOVE_CMD = 'posTP; (auto backlash backup); (auto final creep)'
LAST_MOVE_VAL1 = '-1.5; 0; 2.63201e-05'
LAST_MOVE_VAL2 = '93.6719; -3; 2.99523'
LAST_MEAS_OBS_X = 21.814964018289032
LAST_MEAS_OBS_Y = 30.77317668204225
