# Template file for configuration of individual fiber positioner unit.

# ID
POS_ID = 'M00184'
CAN_ID = 331
DEVICE_ID = -1
PETAL_ID = -1

# STATE
POS_T = -193.96395619213155
POS_P = 182.19574256436863
GENERAL_SETTINGS_FILE = '_genl_settings_DEFAULT.conf'

# CALIBRATION
LENGTH_R1 = 3.0229534548939028
LENGTH_R2 = 3.1052400380682856
OFFSET_T = 0.93848329298296607
OFFSET_P = 3.304464419234975
GEAR_CALIB_T = 1.0
GEAR_CALIB_P = 1.0
GEAR_TYPE_T = 'namiki'
GEAR_TYPE_P = 'namiki'
OFFSET_X = 60.896152985214982
OFFSET_Y = 16.231335023920032
PHYSICAL_RANGE_T = 393.9279123842631
PHYSICAL_RANGE_P = 187.06640663067537
MOTOR_CCW_DIR_T = -1
MOTOR_CCW_DIR_P = -1
MOTOR_ID_T = 1
MOTOR_ID_P = 0

# HISTORY
TOTAL_MOVE_SEQUENCES = 40672
TOTAL_CRUISE_MOVES_T = 7940
TOTAL_CRUISE_MOVES_P = 7958
TOTAL_CREEP_MOVES_T = 113807
TOTAL_CREEP_MOVES_P = 113789
TOTAL_LIMIT_SEEKS_T = 158
TOTAL_LIMIT_SEEKS_P = 189
LAST_PRIMARY_HARDSTOP_DIR_T = -1.0
LAST_PRIMARY_HARDSTOP_DIR_P = 1.0
LAST_MOVE_CMD = 'P limit seek; T limit seek; debounce direct_dtdp; debounce direct_dtdp'
LAST_MOVE_VAL1 = '0; -1; 3; 3'
LAST_MOVE_VAL2 = '1; 0; 0; -3'
LAST_MEAS_OBS_X = 66.69598454960605
LAST_MEAS_OBS_Y = 16.231939989260994
