# Template file for configuration of individual fiber positioner unit.

# ID
POS_ID = 'M00228'
CAN_ID = 483
DEVICE_ID = -1
PETAL_ID = -1

# STATE
POS_T = 100.06031477174945
POS_P = 34.405540425364755
GENERAL_SETTINGS_FILE = '_genl_settings_DEFAULT.conf'

# CALIBRATION
LENGTH_R1 = 3.062941453742817
LENGTH_R2 = 2.9835890734674804
OFFSET_T = -116.55136993338772
OFFSET_P = -1.2570862057940531
GEAR_CALIB_T = 1.0
GEAR_CALIB_P = 1.0
GEAR_TYPE_T = 'namiki'
GEAR_TYPE_P = 'namiki'
OFFSET_X = 52.742381217405132
OFFSET_Y = 32.132475502267994
PHYSICAL_RANGE_T = 394.27673020958764
PHYSICAL_RANGE_P = 184.74379653890193
MOTOR_CCW_DIR_T = -1
MOTOR_CCW_DIR_P = -1
MOTOR_ID_T = 1
MOTOR_ID_P = 0

# HISTORY
TOTAL_MOVE_SEQUENCES = 2816
TOTAL_CRUISE_MOVES_T = 673
TOTAL_CRUISE_MOVES_P = 658
TOTAL_CREEP_MOVES_T = 7716
TOTAL_CREEP_MOVES_P = 7731
TOTAL_LIMIT_SEEKS_T = 30
TOTAL_LIMIT_SEEKS_P = 37
LAST_PRIMARY_HARDSTOP_DIR_T = -1.0
LAST_PRIMARY_HARDSTOP_DIR_P = 1.0
LAST_MOVE_CMD = 'dXdY; (auto backlash backup); (auto final creep)'
LAST_MOVE_VAL1 = '-0.000257883; 3; -3.00003'
LAST_MOVE_VAL2 = '0.000139933; -3; 3.00004'
LAST_MEAS_OBS_X = 58.542509646710464
LAST_MEAS_OBS_Y = 32.13248684667333
