# Settings file for fiber positioner unit: UM00014

POS_ID = 'UM00014'
CAN_ID = 14
DEVICE_ID = -1
PETAL_ID = -1

# STATE
POS_T = 20.734161107166383
POS_P = 34.67112732977079
GENERAL_SETTINGS_FILE = '_genl_settings_DEFAULT.conf'

# CALIBRATION
LENGTH_R1 = 3.0602287995600972
LENGTH_R2 = 3.0310021406993948
OFFSET_T = 51.321565248525673
OFFSET_P = 0.91906062314934189
GEAR_CALIB_T = 1.0
GEAR_CALIB_P = 1.0
GEAR_TYPE_T = 'namiki'
GEAR_TYPE_P = 'namiki'
OFFSET_X = 16.869233829279505
OFFSET_Y = 11.487181235383332
PHYSICAL_RANGE_T = 376.33222692146995
PHYSICAL_RANGE_P = 187.98315018969248
MOTOR_CCW_DIR_T = 1
MOTOR_CCW_DIR_P = 1
MOTOR_ID_T = 1
MOTOR_ID_P = 0

# HISTORY
TOTAL_MOVE_SEQUENCES = 394
TOTAL_CRUISE_MOVES_T = 277
TOTAL_CRUISE_MOVES_P = 305
TOTAL_CREEP_MOVES_T = 885
TOTAL_CREEP_MOVES_P = 857
TOTAL_LIMIT_SEEKS_T = 50
TOTAL_LIMIT_SEEKS_P = 52
LAST_PRIMARY_HARDSTOP_DIR_T = -1.0
LAST_PRIMARY_HARDSTOP_DIR_P = 1.0
LAST_MOVE_CMD = 'dXdY; (auto backlash backup); (auto final creep)'
LAST_MOVE_VAL1 = '0.00434943; 3; -3.00001'
LAST_MOVE_VAL2 = '-3.43464e-05; -3; 2.99998'
LAST_MEAS_OBS_X = 16.864884397221203
LAST_MEAS_OBS_Y = 17.287215581761583
