# Settings file for fiber positioner unit: UM00014

POS_ID = 'UM00014'
CAN_ID = 14
DEVICE_ID = -1
PETAL_ID = -1

# STATE
POS_T = -78.601363191763369
POS_P = 41.482521803059598
GENERAL_SETTINGS_FILE = '_genl_settings_DEFAULT.conf'

# CALIBRATION
LENGTH_R1 = 3.0583201315641877
LENGTH_R2 = 3.0310394691408558
OFFSET_T = 50.044100969087076
OFFSET_P = 0.54158196019423244
GEAR_CALIB_T = 1.0
GEAR_CALIB_P = 1.0
GEAR_TYPE_T = 'namiki'
GEAR_TYPE_P = 'namiki'
OFFSET_X = 16.871950579369869
OFFSET_Y = 11.492288659009397
PHYSICAL_RANGE_T = 376.38544144525247
PHYSICAL_RANGE_P = 187.97053941947667
MOTOR_CCW_DIR_T = 1
MOTOR_CCW_DIR_P = 1
MOTOR_ID_T = 1
MOTOR_ID_P = 0

# HISTORY
TOTAL_MOVE_SEQUENCES = 3201
TOTAL_CRUISE_MOVES_T = 1434
TOTAL_CRUISE_MOVES_P = 1377
TOTAL_CREEP_MOVES_T = 8127
TOTAL_CREEP_MOVES_P = 8184
TOTAL_LIMIT_SEEKS_T = 58
TOTAL_LIMIT_SEEKS_P = 62
LAST_PRIMARY_HARDSTOP_DIR_T = -1.0
LAST_PRIMARY_HARDSTOP_DIR_P = 1.0
LAST_MOVE_CMD = 'dXdY; (auto backlash backup); (auto final creep)'
LAST_MOVE_VAL1 = '-0.108167; 3; -3.00004'
LAST_MOVE_VAL2 = '0.233102; -3; 2.99805'
LAST_MEAS_OBS_X = 22.12261913337952
LAST_MEAS_OBS_Y = 13.636894020874761
