# Settings file for fiber positioner unit: UM00013

POS_ID = 'UM00013'
CAN_ID = 13
DEVICE_ID = -1
PETAL_ID = -1

# STATE
POS_T = 73.805659101054928
POS_P = 58.384443144863013
GENERAL_SETTINGS_FILE = '_genl_settings_DEFAULT.conf'

# CALIBRATION
LENGTH_R1 = 3.0
LENGTH_R2 = 2.8959220228619258
OFFSET_T = 91.509949084279015
OFFSET_P = 3.0530654053796686
GEAR_CALIB_T = 1.0
GEAR_CALIB_P = 1.0
GEAR_TYPE_T = 'namiki'
GEAR_TYPE_P = 'namiki'
OFFSET_X = 14.157721343878645
OFFSET_Y = 7.1315529045330663
PHYSICAL_RANGE_T = 383.21586130406314
PHYSICAL_RANGE_P = 189.50779803883177
MOTOR_CCW_DIR_T = 1
MOTOR_CCW_DIR_P = 1
MOTOR_ID_T = 1
MOTOR_ID_P = 0

# HISTORY
TOTAL_MOVE_SEQUENCES = 554
TOTAL_CRUISE_MOVES_T = 302
TOTAL_CRUISE_MOVES_P = 451
TOTAL_CREEP_MOVES_T = 1361
TOTAL_CREEP_MOVES_P = 1212
TOTAL_LIMIT_SEEKS_T = 80
TOTAL_LIMIT_SEEKS_P = 78
LAST_PRIMARY_HARDSTOP_DIR_T = -1.0
LAST_PRIMARY_HARDSTOP_DIR_P = 1.0
LAST_MOVE_CMD = 'dXdY; (auto backlash backup); (auto final creep)'
LAST_MOVE_VAL1 = '0.467721; 3; -2.99817'
LAST_MOVE_VAL2 = '-0.0104913; -3; 3.00421'
LAST_MEAS_OBS_X = 8.810122812430727
LAST_MEAS_OBS_Y = 5.8741358425406505
