# Template file for configuration of individual fiber positioner unit.

# ID
POS_ID = 'M00254'
CAN_ID = 261
DEVICE_ID = -1
PETAL_ID = -1

# STATE
POS_T = -151.03555683514486
POS_P = 41.400446419753045
GENERAL_SETTINGS_FILE = '_genl_settings_DEFAULT.conf'

# CALIBRATION
LENGTH_R1 = 3.0662870569967176
LENGTH_R2 = 3.0394746026190651
OFFSET_T = 128.32604375969598
OFFSET_P = -4.171749332382177
GEAR_CALIB_T = 1.0
GEAR_CALIB_P = 1.0
GEAR_TYPE_T = 'namiki'
GEAR_TYPE_P = 'namiki'
OFFSET_X = 37.965385440755234
OFFSET_Y = 32.321781516669844
PHYSICAL_RANGE_T = 394.08086206535148
PHYSICAL_RANGE_P = 190.0
MOTOR_CCW_DIR_T = -1
MOTOR_CCW_DIR_P = -1
MOTOR_ID_T = 1
MOTOR_ID_P = 0

# HISTORY
TOTAL_MOVE_SEQUENCES = 2379
TOTAL_CRUISE_MOVES_T = 492
TOTAL_CRUISE_MOVES_P = 499
TOTAL_CREEP_MOVES_T = 6620
TOTAL_CREEP_MOVES_P = 6613
TOTAL_LIMIT_SEEKS_T = 15
TOTAL_LIMIT_SEEKS_P = 18
LAST_PRIMARY_HARDSTOP_DIR_T = -1.0
LAST_PRIMARY_HARDSTOP_DIR_P = 1.0
LAST_MOVE_CMD = 'dXdY; (auto backlash backup); (auto final creep)'
LAST_MOVE_VAL1 = '-9.42825e-05; 3; -3'
LAST_MOVE_VAL2 = '0.0152718; -3; 2.99996'
LAST_MEAS_OBS_X = 43.76493130423808
LAST_MEAS_OBS_Y = 32.31737316968352
