# Template file for configuration of individual fiber positioner unit.

# ID
POS_ID = 'M00265'
CAN_ID = 204
DEVICE_ID = -1
PETAL_ID = -1

# STATE
POS_T = 102.67056942994463
POS_P = 33.983910261774575
GENERAL_SETTINGS_FILE = '_genl_settings_DEFAULT.conf'

# CALIBRATION
LENGTH_R1 = 2.9835654819135118
LENGTH_R2 = 3.0842078187013189
OFFSET_T = -118.19688817651603
OFFSET_P = 0.49204524522475879
GEAR_CALIB_T = 1.0
GEAR_CALIB_P = 1.0
GEAR_TYPE_T = 'namiki'
GEAR_TYPE_P = 'namiki'
OFFSET_X = 30.200989956487724
OFFSET_Y = 47.951722763465156
PHYSICAL_RANGE_T = 393.7740376833209
PHYSICAL_RANGE_P = 183.86968488843672
MOTOR_CCW_DIR_T = -1
MOTOR_CCW_DIR_P = -1
MOTOR_ID_T = 1
MOTOR_ID_P = 0

# HISTORY
TOTAL_MOVE_SEQUENCES = 3799
TOTAL_CRUISE_MOVES_T = 1075
TOTAL_CRUISE_MOVES_P = 995
TOTAL_CREEP_MOVES_T = 10216
TOTAL_CREEP_MOVES_P = 10296
TOTAL_LIMIT_SEEKS_T = 54
TOTAL_LIMIT_SEEKS_P = 67
LAST_PRIMARY_HARDSTOP_DIR_T = -1.0
LAST_PRIMARY_HARDSTOP_DIR_P = 1.0
LAST_MOVE_CMD = 'dXdY; (auto backlash backup); (auto final creep)'
LAST_MOVE_VAL1 = '-0.00215135; 3; -3.00014'
LAST_MOVE_VAL2 = '0.000217823; -3; 2.99995'
LAST_MEAS_OBS_X = 36.00119894882404
LAST_MEAS_OBS_Y = 47.948203046191644
