# Template file for configuration of individual fiber positioner unit.

# ID
POS_ID = 'M00265'
CAN_ID = 204
DEVICE_ID = -1
PETAL_ID = -1

# STATE
POS_T = 89.374178849323926
POS_P = 34.198388653933677
GENERAL_SETTINGS_FILE = '_genl_settings_DEFAULT.conf'

# CALIBRATION
LENGTH_R1 = 2.9833802253003174
LENGTH_R2 = 3.0837920357764883
OFFSET_T = -117.94781426672483
OFFSET_P = 0.57846542048200433
GEAR_CALIB_T = 1.0
GEAR_CALIB_P = 1.0
GEAR_TYPE_T = 'namiki'
GEAR_TYPE_P = 'namiki'
OFFSET_X = 30.201256902582003
OFFSET_Y = 47.950163901018698
PHYSICAL_RANGE_T = 393.5918153877721
PHYSICAL_RANGE_P = 183.8734464517849
MOTOR_CCW_DIR_T = -1
MOTOR_CCW_DIR_P = -1
MOTOR_ID_T = 1
MOTOR_ID_P = 0

# HISTORY
TOTAL_MOVE_SEQUENCES = 3307
TOTAL_CRUISE_MOVES_T = 907
TOTAL_CRUISE_MOVES_P = 839
TOTAL_CREEP_MOVES_T = 8932
TOTAL_CREEP_MOVES_P = 9000
TOTAL_LIMIT_SEEKS_T = 42
TOTAL_LIMIT_SEEKS_P = 52
LAST_PRIMARY_HARDSTOP_DIR_T = -1.0
LAST_PRIMARY_HARDSTOP_DIR_P = 1.0
LAST_MOVE_CMD = 'dXdY; (auto backlash backup); (auto final creep)'
LAST_MOVE_VAL1 = '-0.00676508; 3; -3.00008'
LAST_MOVE_VAL2 = '0.0342298; -3; 2.99994'
LAST_MEAS_OBS_X = 35.99723743402497
LAST_MEAS_OBS_Y = 47.930827962941365
