# Settings file for unit: UM00054

POS_ID = 'UM00054'
CAN_ID = 54
DEVICE_ID = -1
PETAL_ID = -1

# STATE
POS_T = 155.42852200744076
POS_P = 49.022802212587436
GENERAL_SETTINGS_FILE = '_genl_settings_DEFAULT.conf'

# CALIBRATION
LENGTH_R1 = 3.0490321260190041
LENGTH_R2 = 3.1954209738841106
OFFSET_T = 187.79992926630243
OFFSET_P = -5.7590156759182065
GEAR_CALIB_T = 1.0
GEAR_CALIB_P = 1.0
GEAR_TYPE_T = 'namiki'
GEAR_TYPE_P = 'namiki'
OFFSET_X = 29.945336373735714
OFFSET_Y = 52.34241234618284
PHYSICAL_RANGE_T = 395.11508215795794
PHYSICAL_RANGE_P = 192.4712833173661
MOTOR_CCW_DIR_T = -1
MOTOR_CCW_DIR_P = -1
MOTOR_ID_T = 1
MOTOR_ID_P = 0

# HISTORY
TOTAL_MOVE_SEQUENCES = 4549
TOTAL_CRUISE_MOVES_T = 2021
TOTAL_CRUISE_MOVES_P = 2162
TOTAL_CREEP_MOVES_T = 11187
TOTAL_CREEP_MOVES_P = 11046
TOTAL_LIMIT_SEEKS_T = 161
TOTAL_LIMIT_SEEKS_P = 201
LAST_PRIMARY_HARDSTOP_DIR_T = -1.0
LAST_PRIMARY_HARDSTOP_DIR_P = 1.0
LAST_MOVE_CMD = 'dXdY; (auto backlash backup); (auto final creep)'
LAST_MOVE_VAL1 = '-0.000981422; 3; -3.00013'
LAST_MOVE_VAL2 = '0.00167466; -3; 3.00002'
LAST_MEAS_OBS_X = 35.74640582917033
LAST_MEAS_OBS_Y = 52.34273258232503
