# Template file for configuration of individual fiber positioner unit.

# ID
POS_ID = 'M00057'
CAN_ID = 371
DEVICE_ID = -1
PETAL_ID = -1

# STATE
POS_T = -172.6504237333632
POS_P = 106.73566108175815
GENERAL_SETTINGS_FILE = '_genl_settings_DEFAULT.conf'

# CALIBRATION
LENGTH_R1 = 3.0290049977770561
LENGTH_R2 = 3.0557928504585625
OFFSET_T = -46.443843180377065
OFFSET_P = -1.1391655504685616
GEAR_CALIB_T = 1.0
GEAR_CALIB_P = 1.0
GEAR_TYPE_T = 'namiki'
GEAR_TYPE_P = 'namiki'
OFFSET_X = 52.135722987064348
OFFSET_Y = 25.955417667285953
PHYSICAL_RANGE_T = 392.81384104697298
PHYSICAL_RANGE_P = 185.68170616813086
MOTOR_CCW_DIR_T = -1
MOTOR_CCW_DIR_P = -1
MOTOR_ID_T = 1
MOTOR_ID_P = 0

# HISTORY
TOTAL_MOVE_SEQUENCES = 662
TOTAL_CRUISE_MOVES_T = 183
TOTAL_CRUISE_MOVES_P = 149
TOTAL_CREEP_MOVES_T = 1778
TOTAL_CREEP_MOVES_P = 1812
TOTAL_LIMIT_SEEKS_T = 14
TOTAL_LIMIT_SEEKS_P = 17
LAST_PRIMARY_HARDSTOP_DIR_T = -1.0
LAST_PRIMARY_HARDSTOP_DIR_P = 1.0
LAST_MOVE_CMD = 'obsXY; (auto backlash backup); (auto final creep)'
LAST_MOVE_VAL1 = '48.5665; 3; -2.99825'
LAST_MOVE_VAL2 = '25.0631; -3; 2.99994'
LAST_MEAS_OBS_X = 48.56680400642589
LAST_MEAS_OBS_Y = 24.61686223661166
