# Configuration file for unit M00667.

#ID
POS_ID = 'M00667'
CAN_ID = 380
DEVICE_ID = -1
PETAL_ID = -1

# STATE
POS_T = 8.6454938594905784
POS_P = 34.301193333333323
GENERAL_SETTINGS_FILE = '_genl_settings_DEFAULT.conf'

# CALIBRATION
LENGTH_R1 = 2.9415374806219425
LENGTH_R2 = 3.0445699591500404
OFFSET_T = -23.394082192707039
OFFSET_P = -5.5783446359500886
GEAR_CALIB_T = 1.0
GEAR_CALIB_P = 1.0
GEAR_TYPE_T = 'namiki'
GEAR_TYPE_P = 'namiki'
OFFSET_X = 30.758899981006266
OFFSET_Y = 48.352448475508794
PHYSICAL_RANGE_T = 391.64186808348779
PHYSICAL_RANGE_P = 190.0
MOTOR_CCW_DIR_T = -1
MOTOR_CCW_DIR_P = -1
MOTOR_ID_T = 1
MOTOR_ID_P = 0

# HISTORY
TOTAL_MOVE_SEQUENCES = 1875
TOTAL_CRUISE_MOVES_T = 467
TOTAL_CRUISE_MOVES_P = 462
TOTAL_CREEP_MOVES_T = 5133
TOTAL_CREEP_MOVES_P = 5138
TOTAL_LIMIT_SEEKS_T = 15
TOTAL_LIMIT_SEEKS_P = 18
LAST_PRIMARY_HARDSTOP_DIR_T = -1.0
LAST_PRIMARY_HARDSTOP_DIR_P = 1.0
LAST_MOVE_CMD = 'dXdY; (auto backlash backup); (auto final creep)'
LAST_MOVE_VAL1 = '-0.000353739; 3; -3.00018'
LAST_MOVE_VAL2 = '-0.000376218; -3; 3.00005'
LAST_MEAS_OBS_X = 36.558610340034704
LAST_MEAS_OBS_Y = 48.3503336464525
