# Configuration file for unit M00318.

#ID
POS_ID = 'M00318'
CAN_ID = 249
DEVICE_ID = -1
PETAL_ID = -1

# STATE
POS_T = 180.00002486505667
POS_P = -2.9999187888742114
GENERAL_SETTINGS_FILE = '_genl_settings_DEFAULT.conf'

# CALIBRATION
LENGTH_R1 = 2.9478669774929882
LENGTH_R2 = 3.1113229812355798
OFFSET_T = -82.289562847216089
OFFSET_P = 0.19945151409800133
GEAR_CALIB_T = 1.0
GEAR_CALIB_P = 1.0
GEAR_TYPE_T = 'namiki'
GEAR_TYPE_P = 'namiki'
OFFSET_X = 75.498643221077629
OFFSET_Y = 48.119097472253081
PHYSICAL_RANGE_T = 393.43836434396076
PHYSICAL_RANGE_P = 184.94564781270964
MOTOR_CCW_DIR_T = -1
MOTOR_CCW_DIR_P = -1
MOTOR_ID_T = 1
MOTOR_ID_P = 0

# HISTORY
TOTAL_MOVE_SEQUENCES = 953
TOTAL_CRUISE_MOVES_T = 407
TOTAL_CRUISE_MOVES_P = 332
TOTAL_CREEP_MOVES_T = 2390
TOTAL_CREEP_MOVES_P = 2465
TOTAL_LIMIT_SEEKS_T = 37
TOTAL_LIMIT_SEEKS_P = 44
LAST_PRIMARY_HARDSTOP_DIR_T = -1.0
LAST_PRIMARY_HARDSTOP_DIR_P = 1.0
LAST_MOVE_CMD = 'posTP; (auto backlash backup); (auto final creep)'
LAST_MOVE_VAL1 = '180; 3; -3.00216'
LAST_MOVE_VAL2 = '-3; -3; -4.14848'
LAST_MEAS_OBS_X = 81.29785635938255
LAST_MEAS_OBS_Y = 48.11964045852353
