# Settings file for fiber positioner unit: UM00014

POS_ID = 'UM00014'
CAN_ID = 14
DEVICE_ID = -1
PETAL_ID = -1

# STATE
POS_T = -68.360130895841834
POS_P = 33.680778925976092
GENERAL_SETTINGS_FILE = '_genl_settings_DEFAULT.conf'

# CALIBRATION
LENGTH_R1 = 3.0578577835188958
LENGTH_R2 = 3.0312787910953967
OFFSET_T = 50.884374706378992
OFFSET_P = 0.91443177950287691
GEAR_CALIB_T = 1.0
GEAR_CALIB_P = 1.0
GEAR_TYPE_T = 'namiki'
GEAR_TYPE_P = 'namiki'
OFFSET_X = 16.869323293998544
OFFSET_Y = 11.497022049726828
PHYSICAL_RANGE_T = 376.39862426081976
PHYSICAL_RANGE_P = 187.94481510168433
MOTOR_CCW_DIR_T = 1
MOTOR_CCW_DIR_P = 1
MOTOR_ID_T = 1
MOTOR_ID_P = 0

# HISTORY
TOTAL_MOVE_SEQUENCES = 514
TOTAL_CRUISE_MOVES_T = 320
TOTAL_CRUISE_MOVES_P = 353
TOTAL_CREEP_MOVES_T = 1191
TOTAL_CREEP_MOVES_P = 1158
TOTAL_LIMIT_SEEKS_T = 54
TOTAL_LIMIT_SEEKS_P = 57
LAST_PRIMARY_HARDSTOP_DIR_T = -1.0
LAST_PRIMARY_HARDSTOP_DIR_P = 1.0
LAST_MOVE_CMD = 'dXdY; (auto backlash backup); (auto final creep)'
LAST_MOVE_VAL1 = '0.00245891; 3; -3.00001'
LAST_MOVE_VAL2 = '-0.0168738; -3; 3.00015'
LAST_MEAS_OBS_X = 22.671414896148928
LAST_MEAS_OBS_Y = 11.493107884807028
