# Template file for configuration of individual fiber positioner unit.

# ID
POS_ID = 'M00264'
CAN_ID = 286
DEVICE_ID = -1
PETAL_ID = -1

# STATE
POS_T = -26.91512095089886
POS_P = 35.47116209876544
GENERAL_SETTINGS_FILE = '_genl_settings_DEFAULT.conf'

# CALIBRATION
LENGTH_R1 = 3.0407587503229077
LENGTH_R2 = 2.9493763071430656
OFFSET_T = 12.434388760338667
OFFSET_P = -5.8412194363120804
GEAR_CALIB_T = 1.0
GEAR_CALIB_P = 1.0
GEAR_TYPE_T = 'namiki'
GEAR_TYPE_P = 'namiki'
OFFSET_X = 67.929106256408531
OFFSET_Y = 32.048326770611354
PHYSICAL_RANGE_T = 392.60232066722995
PHYSICAL_RANGE_P = 190.0
MOTOR_CCW_DIR_T = -1
MOTOR_CCW_DIR_P = -1
MOTOR_ID_T = 1
MOTOR_ID_P = 0

# HISTORY
TOTAL_MOVE_SEQUENCES = 2390
TOTAL_CRUISE_MOVES_T = 496
TOTAL_CRUISE_MOVES_P = 516
TOTAL_CREEP_MOVES_T = 6648
TOTAL_CREEP_MOVES_P = 6628
TOTAL_LIMIT_SEEKS_T = 16
TOTAL_LIMIT_SEEKS_P = 19
LAST_PRIMARY_HARDSTOP_DIR_T = -1.0
LAST_PRIMARY_HARDSTOP_DIR_P = 1.0
LAST_MOVE_CMD = 'dXdY; (auto backlash backup); (auto final creep)'
LAST_MOVE_VAL1 = '0.000207826; 3; -3.00007'
LAST_MOVE_VAL2 = '0.00346158; -3; 3.00013'
LAST_MEAS_OBS_X = 73.73096658958235
LAST_MEAS_OBS_Y = 32.04821250470496
