# Configuration file for unit M00386.

#ID
POS_ID = 'M00386'
CAN_ID = 348
DEVICE_ID = -1
PETAL_ID = -1

# STATE
POS_T = 180.00005338772979
POS_P = -3.0000127885381112
GENERAL_SETTINGS_FILE = '_genl_settings_DEFAULT.conf'

# CALIBRATION
LENGTH_R1 = 2.9045660401475413
LENGTH_R2 = 3.0849104864913577
OFFSET_T = -168.35911830620952
OFFSET_P = -1.8838298994471359
GEAR_CALIB_T = 1.0
GEAR_CALIB_P = 1.0
GEAR_TYPE_T = 'namiki'
GEAR_TYPE_P = 'namiki'
OFFSET_X = 45.5135917485295
OFFSET_Y = 16.073584741309617
PHYSICAL_RANGE_T = 393.43830729861457
PHYSICAL_RANGE_P = 184.67667918853255
MOTOR_CCW_DIR_T = -1
MOTOR_CCW_DIR_P = -1
MOTOR_ID_T = 1
MOTOR_ID_P = 0

# HISTORY
TOTAL_MOVE_SEQUENCES = 2656
TOTAL_CRUISE_MOVES_T = 666
TOTAL_CRUISE_MOVES_P = 668
TOTAL_CREEP_MOVES_T = 7267
TOTAL_CREEP_MOVES_P = 7265
TOTAL_LIMIT_SEEKS_T = 19
TOTAL_LIMIT_SEEKS_P = 23
LAST_PRIMARY_HARDSTOP_DIR_T = -1.0
LAST_PRIMARY_HARDSTOP_DIR_P = 1.0
LAST_MOVE_CMD = 'posTP; (auto backlash backup); (auto final creep)'
LAST_MOVE_VAL1 = '180; 3; -2.99864'
LAST_MOVE_VAL2 = '-3; -3; -4.15579'
LAST_MEAS_OBS_X = 51.31379967818528
LAST_MEAS_OBS_Y = 16.07563128937043
