# Template file for configuration of individual fiber positioner unit.

# ID
POS_ID = 'M00245'
CAN_ID = 180
DEVICE_ID = -1
PETAL_ID = -1

# STATE
POS_T = -10.471841614489813
POS_P = 41.949119382716006
GENERAL_SETTINGS_FILE = '_genl_settings_DEFAULT.conf'

# CALIBRATION
LENGTH_R1 = 3.0220045218805494
LENGTH_R2 = 3.0476726575589308
OFFSET_T = -9.1719508479811758
OFFSET_P = -7.5007465441417622
GEAR_CALIB_T = 1.0
GEAR_CALIB_P = 1.0
GEAR_TYPE_T = 'namiki'
GEAR_TYPE_P = 'namiki'
OFFSET_X = 23.165538978154995
OFFSET_Y = 32.097256809777839
PHYSICAL_RANGE_T = 396.11729335243592
PHYSICAL_RANGE_P = 190.0
MOTOR_CCW_DIR_T = -1
MOTOR_CCW_DIR_P = -1
MOTOR_ID_T = 1
MOTOR_ID_P = 0

# HISTORY
TOTAL_MOVE_SEQUENCES = 3704
TOTAL_CRUISE_MOVES_T = 1025
TOTAL_CRUISE_MOVES_P = 976
TOTAL_CREEP_MOVES_T = 9987
TOTAL_CREEP_MOVES_P = 10036
TOTAL_LIMIT_SEEKS_T = 48
TOTAL_LIMIT_SEEKS_P = 58
LAST_PRIMARY_HARDSTOP_DIR_T = -1.0
LAST_PRIMARY_HARDSTOP_DIR_P = 1.0
LAST_MOVE_CMD = 'dXdY; (auto backlash backup); (auto final creep)'
LAST_MOVE_VAL1 = '8.9153e-05; 3; -3.00004'
LAST_MOVE_VAL2 = '0.00587208; -3; 3.00011'
LAST_MEAS_OBS_X = 28.96486813570418
LAST_MEAS_OBS_Y = 32.09682415480179
