# Configuration file for unit M00147.
# Note this unit is one of the first 3 gamma prototypes

#ID
POS_ID = 'M00147'
CAN_ID = 147
DEVICE_ID = -1
PETAL_ID = -1

# STATE
POS_T = -98.53167269138868
POS_P = 40.05127415349146
GENERAL_SETTINGS_FILE = '_genl_settings_DEFAULT.conf'

# CALIBRATION
LENGTH_R1 = 2.730209794098295
LENGTH_R2 = 3.0485052024149115
OFFSET_T = 92.9504673190764
OFFSET_P = -8.602885825932198
GEAR_CALIB_T = 1.0
GEAR_CALIB_P = 1.0
GEAR_TYPE_T = 'namiki'
GEAR_TYPE_P = 'namiki'
OFFSET_X = 27.01407870654228
OFFSET_Y = 10.434789225723362
PHYSICAL_RANGE_T = 393.97841575314754
PHYSICAL_RANGE_P = 189.6830524558274
MOTOR_CCW_DIR_T = -1
MOTOR_CCW_DIR_P = -1
MOTOR_ID_T = 1
MOTOR_ID_P = 0

# HISTORY
TOTAL_MOVE_SEQUENCES = 2778
TOTAL_CRUISE_MOVES_T = 703
TOTAL_CRUISE_MOVES_P = 666
TOTAL_CREEP_MOVES_T = 7627
TOTAL_CREEP_MOVES_P = 7664
TOTAL_LIMIT_SEEKS_T = 10
TOTAL_LIMIT_SEEKS_P = 11
LAST_PRIMARY_HARDSTOP_DIR_T = -1.0
LAST_PRIMARY_HARDSTOP_DIR_P = 1.0
LAST_MOVE_CMD = 'dXdY; (auto backlash backup); (auto final creep)'
LAST_MOVE_VAL1 = '0.00936215; 3; -3.0002'
LAST_MOVE_VAL2 = '0.006402; -3; 3.00018'
LAST_MEAS_OBS_X = 32.61513673108354
LAST_MEAS_OBS_Y = 10.422340059709839
