# Settings file for fiber positioner unit: UM00012

POS_ID = 'UM00012'
CAN_ID = 12
DEVICE_ID = -1
PETAL_ID = -1

# STATE
POS_T = -189.56279450855266
POS_P = 185.09999999999999
GENERAL_SETTINGS_FILE = '_genl_settings_DEFAULT.conf'

# CALIBRATION
LENGTH_R1 = 3.049121224708576
LENGTH_R2 = 2.993609528770339
OFFSET_T = 134.18568232848517
OFFSET_P = 1.1997822438006551
GEAR_CALIB_T = 1.0
GEAR_CALIB_P = 1.0
GEAR_TYPE_T = 'namiki'
GEAR_TYPE_P = 'namiki'
OFFSET_X = 53.67547968745407
OFFSET_Y = 20.850775231219757
PHYSICAL_RANGE_T = 385.1255890171053
PHYSICAL_RANGE_P = 379.6135316550542
MOTOR_CCW_DIR_T = 1
MOTOR_CCW_DIR_P = 1
MOTOR_ID_T = 1
MOTOR_ID_P = 0

# HISTORY
TOTAL_MOVE_SEQUENCES = 2113
TOTAL_CRUISE_MOVES_T = 1239
TOTAL_CRUISE_MOVES_P = 1280
TOTAL_CREEP_MOVES_T = 4929
TOTAL_CREEP_MOVES_P = 4888
TOTAL_LIMIT_SEEKS_T = 261
TOTAL_LIMIT_SEEKS_P = 269
LAST_PRIMARY_HARDSTOP_DIR_T = -1.0
LAST_PRIMARY_HARDSTOP_DIR_P = 1.0
LAST_MOVE_CMD = 'nudge to identify positioner location direct_dtdp; (auto backlash backup); (auto final creep)'
LAST_MOVE_VAL1 = '0; 0; 0'
LAST_MOVE_VAL2 = '-10; -3; 2.99712'
LAST_MEAS_OBS_X = 53.4469730923783
LAST_MEAS_OBS_Y = 20.603578955227103
