# Template file for configuration of individual fiber positioner unit.

# ID
POS_ID = 'M00264'
CAN_ID = 286
DEVICE_ID = -1
PETAL_ID = -1

# STATE
POS_T = -26.967029431858407
POS_P = 35.555345308641947
GENERAL_SETTINGS_FILE = '_genl_settings_DEFAULT.conf'

# CALIBRATION
LENGTH_R1 = 3.0427477121406743
LENGTH_R2 = 2.9502976219336263
OFFSET_T = 12.371678972320266
OFFSET_P = -5.7591149276824112
GEAR_CALIB_T = 1.0
GEAR_CALIB_P = 1.0
GEAR_TYPE_T = 'namiki'
GEAR_TYPE_P = 'namiki'
OFFSET_X = 67.94659599822441
OFFSET_Y = 32.044433644617506
PHYSICAL_RANGE_T = 392.55614923408746
PHYSICAL_RANGE_P = 190.0
MOTOR_CCW_DIR_T = -1
MOTOR_CCW_DIR_P = -1
MOTOR_ID_T = 1
MOTOR_ID_P = 0

# HISTORY
TOTAL_MOVE_SEQUENCES = 3538
TOTAL_CRUISE_MOVES_T = 881
TOTAL_CRUISE_MOVES_P = 894
TOTAL_CREEP_MOVES_T = 9643
TOTAL_CREEP_MOVES_P = 9630
TOTAL_LIMIT_SEEKS_T = 44
TOTAL_LIMIT_SEEKS_P = 54
LAST_PRIMARY_HARDSTOP_DIR_T = -1.0
LAST_PRIMARY_HARDSTOP_DIR_P = 1.0
LAST_MOVE_CMD = 'dXdY; (auto backlash backup); (auto final creep)'
LAST_MOVE_VAL1 = '-0.00189937; 3; -2.99995'
LAST_MOVE_VAL2 = '0.00224678; -3; 3.00013'
LAST_MEAS_OBS_X = 73.74638696368027
LAST_MEAS_OBS_Y = 32.04191909484797
