# Configuration file for unit M00318.

#ID
POS_ID = 'M00318'
CAN_ID = 249
DEVICE_ID = -1
PETAL_ID = -1

# STATE
POS_T = 25.059623113514689
POS_P = 39.392499012345652
GENERAL_SETTINGS_FILE = '_genl_settings_DEFAULT.conf'

# CALIBRATION
LENGTH_R1 = 2.9545564590950613
LENGTH_R2 = 3.1151033660871499
OFFSET_T = -42.729743184519862
OFFSET_P = -4.7069728227061489
GEAR_CALIB_T = 1.0
GEAR_CALIB_P = 1.0
GEAR_TYPE_T = 'namiki'
GEAR_TYPE_P = 'namiki'
OFFSET_X = 30.760200159300034
OFFSET_Y = 16.009809784975182
PHYSICAL_RANGE_T = 394.42488587173591
PHYSICAL_RANGE_P = 190.0
MOTOR_CCW_DIR_T = -1
MOTOR_CCW_DIR_P = -1
MOTOR_ID_T = 1
MOTOR_ID_P = 0

# HISTORY
TOTAL_MOVE_SEQUENCES = 4261
TOTAL_CRUISE_MOVES_T = 1284
TOTAL_CRUISE_MOVES_P = 1180
TOTAL_CREEP_MOVES_T = 11329
TOTAL_CREEP_MOVES_P = 11433
TOTAL_LIMIT_SEEKS_T = 91
TOTAL_LIMIT_SEEKS_P = 107
LAST_PRIMARY_HARDSTOP_DIR_T = -1.0
LAST_PRIMARY_HARDSTOP_DIR_P = 1.0
LAST_MOVE_CMD = 'dXdY; (auto backlash backup); (auto final creep)'
LAST_MOVE_VAL1 = '-4.13098e-05; 3; -3.00017'
LAST_MOVE_VAL2 = '-0.000499519; -3; 3.0001'
LAST_MEAS_OBS_X = 36.56027546777971
LAST_MEAS_OBS_Y = 16.009219013832833
