# Template file for configuration of individual fiber positioner unit.

# ID
POS_ID = 'M00245'
CAN_ID = 180
DEVICE_ID = -1
PETAL_ID = -1

# STATE
POS_T = -9.6098677287398235
POS_P = 40.882304691358001
GENERAL_SETTINGS_FILE = '_genl_settings_DEFAULT.conf'

# CALIBRATION
LENGTH_R1 = 3.0205803736018102
LENGTH_R2 = 3.0474322745840876
OFFSET_T = -8.9711596891798688
OFFSET_P = -6.4376828459849946
GEAR_CALIB_T = 1.0
GEAR_CALIB_P = 1.0
GEAR_TYPE_T = 'namiki'
GEAR_TYPE_P = 'namiki'
OFFSET_X = 23.165120171388534
OFFSET_Y = 32.097919622937937
PHYSICAL_RANGE_T = 396.13807224760302
PHYSICAL_RANGE_P = 190.0
MOTOR_CCW_DIR_T = -1
MOTOR_CCW_DIR_P = -1
MOTOR_ID_T = 1
MOTOR_ID_P = 0

# HISTORY
TOTAL_MOVE_SEQUENCES = 2556
TOTAL_CRUISE_MOVES_T = 552
TOTAL_CRUISE_MOVES_P = 565
TOTAL_CREEP_MOVES_T = 7079
TOTAL_CREEP_MOVES_P = 7066
TOTAL_LIMIT_SEEKS_T = 20
TOTAL_LIMIT_SEEKS_P = 23
LAST_PRIMARY_HARDSTOP_DIR_T = -1.0
LAST_PRIMARY_HARDSTOP_DIR_P = 1.0
LAST_MOVE_CMD = 'dXdY; (auto backlash backup); (auto final creep)'
LAST_MOVE_VAL1 = '0.000418186; 3; -3.00012'
LAST_MOVE_VAL2 = '0.00532172; -3; 3.00011'
LAST_MEAS_OBS_X = 28.964937514741663
LAST_MEAS_OBS_Y = 32.09084105991805
