# Template file for configuration of individual fiber positioner unit.

# ID
POS_ID = 'M00186'
CAN_ID = 103
DEVICE_ID = -1
PETAL_ID = -1

# STATE
POS_T = 68.57598507559976
POS_P = 29.170706675041483
GENERAL_SETTINGS_FILE = '_genl_settings_DEFAULT.conf'

# CALIBRATION
LENGTH_R1 = 2.9889714457790748
LENGTH_R2 = 2.982876694833394
OFFSET_T = -82.64754585497748
OFFSET_P = -1.1668341345531417
GEAR_CALIB_T = 1.0
GEAR_CALIB_P = 1.0
GEAR_TYPE_T = 'namiki'
GEAR_TYPE_P = 'namiki'
OFFSET_X = 59.799550491850773
OFFSET_Y = 41.983114744132529
PHYSICAL_RANGE_T = 393.71670812040571
PHYSICAL_RANGE_P = 184.41857152610476
MOTOR_CCW_DIR_T = -1
MOTOR_CCW_DIR_P = -1
MOTOR_ID_T = 1
MOTOR_ID_P = 0

# HISTORY
TOTAL_MOVE_SEQUENCES = 2192
TOTAL_CRUISE_MOVES_T = 436
TOTAL_CRUISE_MOVES_P = 435
TOTAL_CREEP_MOVES_T = 6122
TOTAL_CREEP_MOVES_P = 6123
TOTAL_LIMIT_SEEKS_T = 8
TOTAL_LIMIT_SEEKS_P = 10
LAST_PRIMARY_HARDSTOP_DIR_T = -1.0
LAST_PRIMARY_HARDSTOP_DIR_P = 1.0
LAST_MOVE_CMD = 'dXdY; (auto backlash backup); (auto final creep)'
LAST_MOVE_VAL1 = '-9.23176e-07; 3; -3.00013'
LAST_MOVE_VAL2 = '-0.00093739; -0; -3.01339e-05'
LAST_MEAS_OBS_X = 65.60036041295258
LAST_MEAS_OBS_Y = 41.983475406379334
