# Configuration file for unit M00124.
# Note this unit is one of the first 3 gamma prototypes

#ID
POS_ID = 'M00124'
CAN_ID = 124
DEVICE_ID = -1
PETAL_ID = -1

# STATE
POS_T = -161.9691936057842
POS_P = 7.122286535412499
GENERAL_SETTINGS_FILE = '_genl_settings_DEFAULT.conf'

# CALIBRATION
LENGTH_R1 = 2.660364334770162
LENGTH_R2 = 3.1207263948927735
OFFSET_T = 161.9691886157095
OFFSET_P = -3.8071332479497944
GEAR_CALIB_T = 1.0
GEAR_CALIB_P = 1.0
GEAR_TYPE_T = 'namiki'
GEAR_TYPE_P = 'namiki'
OFFSET_X = 27.070622215873353
OFFSET_Y = 31.36072709899025
PHYSICAL_RANGE_T = 392.72246227329674
PHYSICAL_RANGE_P = 187.7712809498493
MOTOR_CCW_DIR_T = -1
MOTOR_CCW_DIR_P = -1
MOTOR_ID_T = 1
MOTOR_ID_P = 0

# HISTORY
TOTAL_MOVE_SEQUENCES = 8097
TOTAL_CRUISE_MOVES_T = 2347
TOTAL_CRUISE_MOVES_P = 2342
TOTAL_CREEP_MOVES_T = 21891
TOTAL_CREEP_MOVES_P = 21896
TOTAL_LIMIT_SEEKS_T = 49
TOTAL_LIMIT_SEEKS_P = 57
LAST_PRIMARY_HARDSTOP_DIR_T = -1.0
LAST_PRIMARY_HARDSTOP_DIR_P = 1.0
LAST_MOVE_CMD = 'posTP; (auto backlash backup); (auto final creep)'
LAST_MOVE_VAL1 = '-161.969; 3; -3.00095'
LAST_MOVE_VAL2 = '7.12229; -3; 3.00481'
LAST_MEAS_OBS_X = 32.85292142363457
LAST_MEAS_OBS_Y = 31.548946595882345
