# Configuration file for unit M00392.

#ID
POS_ID = 'M00392'
CAN_ID = 51
DEVICE_ID = -1
PETAL_ID = -1

# STATE
POS_T = -15.240736067950023
POS_P = 40.511215752129488
GENERAL_SETTINGS_FILE = '_genl_settings_DEFAULT.conf'

# CALIBRATION
LENGTH_R1 = 3.0202707544806766
LENGTH_R2 = 3.08529413903103
OFFSET_T = 9.6043988839237109
OFFSET_P = -2.3663253660266079
GEAR_CALIB_T = 1.0
GEAR_CALIB_P = 1.0
GEAR_TYPE_T = 'namiki'
GEAR_TYPE_P = 'namiki'
OFFSET_X = 30.454218172306213
OFFSET_Y = 47.923316425128085
PHYSICAL_RANGE_T = 321.86373929639268
PHYSICAL_RANGE_P = 185.01778171745212
MOTOR_CCW_DIR_T = -1
MOTOR_CCW_DIR_P = -1
MOTOR_ID_T = 1
MOTOR_ID_P = 0

# HISTORY
TOTAL_MOVE_SEQUENCES = 2153
TOTAL_CRUISE_MOVES_T = 634
TOTAL_CRUISE_MOVES_P = 658
TOTAL_CREEP_MOVES_T = 5816
TOTAL_CREEP_MOVES_P = 5792
TOTAL_LIMIT_SEEKS_T = 5
TOTAL_LIMIT_SEEKS_P = 6
LAST_PRIMARY_HARDSTOP_DIR_T = -1.0
LAST_PRIMARY_HARDSTOP_DIR_P = 1.0
LAST_MOVE_CMD = 'dXdY; (auto backlash backup); (auto final creep)'
LAST_MOVE_VAL1 = '-0.0303259; 3; -2.99996'
LAST_MOVE_VAL2 = '-0.0878701; -3; 3'
LAST_MEAS_OBS_X = 36.23358691936506
LAST_MEAS_OBS_Y = 47.93165349094137
