# Configuration file for unit M00356.

#ID
POS_ID = 'M00356'
CAN_ID = 178
DEVICE_ID = -1
PETAL_ID = -1

# STATE
POS_T = 180.00000705423156
POS_P = -3.0000563968551788
GENERAL_SETTINGS_FILE = '_genl_settings_DEFAULT.conf'

# CALIBRATION
LENGTH_R1 = 2.9970347444287424
LENGTH_R2 = 3.0872265329605049
OFFSET_T = -85.526423444796023
OFFSET_P = -5.1298760236724945
GEAR_CALIB_T = 1.0
GEAR_CALIB_P = 1.0
GEAR_TYPE_T = 'namiki'
GEAR_TYPE_P = 'namiki'
OFFSET_X = 75.493946346999806
OFFSET_Y = 16.633281277378586
PHYSICAL_RANGE_T = 390.81745650882112
PHYSICAL_RANGE_P = 189.03550257955771
MOTOR_CCW_DIR_T = -1
MOTOR_CCW_DIR_P = -1
MOTOR_ID_T = 1
MOTOR_ID_P = 0

# HISTORY
TOTAL_MOVE_SEQUENCES = 3043
TOTAL_CRUISE_MOVES_T = 766
TOTAL_CRUISE_MOVES_P = 742
TOTAL_CREEP_MOVES_T = 8282
TOTAL_CREEP_MOVES_P = 8306
TOTAL_LIMIT_SEEKS_T = 44
TOTAL_LIMIT_SEEKS_P = 50
LAST_PRIMARY_HARDSTOP_DIR_T = -1.0
LAST_PRIMARY_HARDSTOP_DIR_P = 1.0
LAST_MOVE_CMD = 'posTP; (auto backlash backup); (auto final creep)'
LAST_MOVE_VAL1 = '180; 3; -2.99977'
LAST_MOVE_VAL2 = '-3; -3; -4.10951'
LAST_MEAS_OBS_X = 81.29365662154976
LAST_MEAS_OBS_Y = 16.63261154209243
