# Configuration file for unit M00358.

#ID
POS_ID = 'M00358'
CAN_ID = 24
DEVICE_ID = -1
PETAL_ID = -1

# STATE
POS_T = -1.1006828690474926
POS_P = 40.950184814814762
GENERAL_SETTINGS_FILE = '_genl_settings_DEFAULT.conf'

# CALIBRATION
LENGTH_R1 = 3.0373336430693101
LENGTH_R2 = 3.1373285695994406
OFFSET_T = -19.487688715383971
OFFSET_P = -0.50266578933630512
GEAR_CALIB_T = 1.0
GEAR_CALIB_P = 1.0
GEAR_TYPE_T = 'namiki'
GEAR_TYPE_P = 'namiki'
OFFSET_X = 15.656381285087884
OFFSET_Y = 16.123049272653372
PHYSICAL_RANGE_T = 394.6295696887118
PHYSICAL_RANGE_P = 190.0
MOTOR_CCW_DIR_T = -1
MOTOR_CCW_DIR_P = -1
MOTOR_ID_T = 1
MOTOR_ID_P = 0

# HISTORY
TOTAL_MOVE_SEQUENCES = 4424
TOTAL_CRUISE_MOVES_T = 1335
TOTAL_CRUISE_MOVES_P = 1219
TOTAL_CREEP_MOVES_T = 11757
TOTAL_CREEP_MOVES_P = 11873
TOTAL_LIMIT_SEEKS_T = 95
TOTAL_LIMIT_SEEKS_P = 112
LAST_PRIMARY_HARDSTOP_DIR_T = -1.0
LAST_PRIMARY_HARDSTOP_DIR_P = 1.0
LAST_MOVE_CMD = 'dXdY; (auto backlash backup); (auto final creep)'
LAST_MOVE_VAL1 = '-0.000254742; 3; -2.99992'
LAST_MOVE_VAL2 = '0.00177142; -3; 3.00016'
LAST_MEAS_OBS_X = 21.45695432822293
LAST_MEAS_OBS_Y = 16.12335207291978
