# Template file for configuration of individual fiber positioner unit.

# ID
POS_ID = 'M00002'
CAN_ID = 1002
DEVICE_ID = -1
PETAL_ID = -1

# STATE
POS_T = -19.251846719118845
POS_P = 26.421550168784165
GENERAL_SETTINGS_FILE = '_genl_settings_DEFAULT.conf'

# CALIBRATION
LENGTH_R1 = 3.0974705485691243
LENGTH_R2 = 2.9645067519673907
OFFSET_T = 2.0503815385808899
OFFSET_P = 8.8699695228731379
GEAR_CALIB_T = 1.0
GEAR_CALIB_P = 1.0
GEAR_TYPE_T = 'namiki'
GEAR_TYPE_P = 'namiki'
OFFSET_X = 59.948949260404909
OFFSET_Y = 52.329196779428827
PHYSICAL_RANGE_T = 393.07316652465744
PHYSICAL_RANGE_P = 201.06222962553338
MOTOR_CCW_DIR_T = -1
MOTOR_CCW_DIR_P = -1
MOTOR_ID_T = 1
MOTOR_ID_P = 0

# HISTORY
TOTAL_MOVE_SEQUENCES = 5438
TOTAL_CRUISE_MOVES_T = 1558
TOTAL_CRUISE_MOVES_P = 1344
TOTAL_CREEP_MOVES_T = 14702
TOTAL_CREEP_MOVES_P = 14916
TOTAL_LIMIT_SEEKS_T = 21
TOTAL_LIMIT_SEEKS_P = 26
LAST_PRIMARY_HARDSTOP_DIR_T = -1.0
LAST_PRIMARY_HARDSTOP_DIR_P = 1.0
LAST_MOVE_CMD = 'dXdY; (auto backlash backup); (auto final creep)'
LAST_MOVE_VAL1 = '4.99911e-05; 3; -3.00008'
LAST_MOVE_VAL2 = '-0.00886959; -3; 3.00017'
LAST_MEAS_OBS_X = 65.74899655522836
LAST_MEAS_OBS_Y = 52.334083251087264
