# Configuration file for unit M00670.

#ID
POS_ID = 'M00670'
CAN_ID = 468
DEVICE_ID = -1
PETAL_ID = -1

# STATE
POS_T = -148.52384685529657
POS_P = 94.223819046697344
GENERAL_SETTINGS_FILE = '_genl_settings_DEFAULT.conf'

# CALIBRATION
LENGTH_R1 = 3.0090818273588757
LENGTH_R2 = 3.236561818157548
OFFSET_T = -159.54451108635126
OFFSET_P = -3.7573901256123179
GEAR_CALIB_T = 1.0
GEAR_CALIB_P = 1.0
GEAR_TYPE_T = 'namiki'
GEAR_TYPE_P = 'namiki'
OFFSET_X = 53.709139735756708
OFFSET_Y = 32.368124795523933
PHYSICAL_RANGE_T = 392.98737519207458
PHYSICAL_RANGE_P = 188.28933785736967
MOTOR_CCW_DIR_T = -1
MOTOR_CCW_DIR_P = -1
MOTOR_ID_T = 1
MOTOR_ID_P = 0

# HISTORY
TOTAL_MOVE_SEQUENCES = 411
TOTAL_CRUISE_MOVES_T = 108
TOTAL_CRUISE_MOVES_P = 108
TOTAL_CREEP_MOVES_T = 1118
TOTAL_CREEP_MOVES_P = 1118
TOTAL_LIMIT_SEEKS_T = 6
TOTAL_LIMIT_SEEKS_P = 7
LAST_PRIMARY_HARDSTOP_DIR_T = -1.0
LAST_PRIMARY_HARDSTOP_DIR_P = 1.0
LAST_MOVE_CMD = 'dXdY; (auto backlash backup); (auto final creep)'
LAST_MOVE_VAL1 = '0.0161627; 3; -2.99998'
LAST_MOVE_VAL2 = '-0.00617145; -3; 3.00019'
LAST_MEAS_OBS_X = 52.98091897945373
LAST_MEAS_OBS_Y = 36.7177813181233
