# Settings file for unit: M00012

POS_ID = 'M00012'
CAN_ID = 84
DEVICE_ID = -1
PETAL_ID = -1

# STATE
POS_T = 70.443620909208377
POS_P = 43.052824487616363
GENERAL_SETTINGS_FILE = '_genl_settings_DEFAULT.conf'

# CALIBRATION
LENGTH_R1 = 3.0227350138707534
LENGTH_R2 = 3.0231837737347895
OFFSET_T = -128.49624647315508
OFFSET_P = 0.74581232783550178
GEAR_CALIB_T = 1.0
GEAR_CALIB_P = 1.0
GEAR_TYPE_T = 'namiki'
GEAR_TYPE_P = 'namiki'
OFFSET_X = 46.528450200640215
OFFSET_Y = 11.869139109085328
PHYSICAL_RANGE_T = 392.27098262602806
PHYSICAL_RANGE_P = 187.45930943380688
MOTOR_CCW_DIR_T = -1
MOTOR_CCW_DIR_P = -1
MOTOR_ID_T = 1
MOTOR_ID_P = 0

# HISTORY
TOTAL_MOVE_SEQUENCES = 3203
TOTAL_CRUISE_MOVES_T = 1226
TOTAL_CRUISE_MOVES_P = 1022
TOTAL_CREEP_MOVES_T = 8327
TOTAL_CREEP_MOVES_P = 8531
TOTAL_LIMIT_SEEKS_T = 39
TOTAL_LIMIT_SEEKS_P = 46
LAST_PRIMARY_HARDSTOP_DIR_T = -1.0
LAST_PRIMARY_HARDSTOP_DIR_P = 1.0
LAST_MOVE_CMD = 'dXdY; (auto backlash backup); (auto final creep)'
LAST_MOVE_VAL1 = '0.0407447; 3; -3.00003'
LAST_MOVE_VAL2 = '0.226403; -3; 3.00112'
LAST_MEAS_OBS_X = 51.9715075117655
LAST_MEAS_OBS_Y = 11.842698151313472
