# Settings file for unit: UM00051

POS_ID = 'UM00051'
CAN_ID = 51
DEVICE_ID = -1
PETAL_ID = -1

# STATE
POS_T = 103.96090002530018
POS_P = 9.2345678638139361e-05
GENERAL_SETTINGS_FILE = '_genl_settings_DEFAULT.conf'

# CALIBRATION
LENGTH_R1 = 3.0200151154748371
LENGTH_R2 = 3.1610299862137174
OFFSET_T = -71.288517079259776
OFFSET_P = 0.0
GEAR_CALIB_T = 1.0
GEAR_CALIB_P = 1.0
GEAR_TYPE_T = 'namiki'
GEAR_TYPE_P = 'namiki'
OFFSET_X = -34.264761766252228
OFFSET_Y = 25.830642306341947
PHYSICAL_RANGE_T = 391.86980636915325
PHYSICAL_RANGE_P = 190.0
MOTOR_CCW_DIR_T = 1
MOTOR_CCW_DIR_P = -1
MOTOR_ID_T = 1
MOTOR_ID_P = 0

# HISTORY
TOTAL_MOVE_SEQUENCES = 19962
TOTAL_CRUISE_MOVES_T = 6488
TOTAL_CRUISE_MOVES_P = 5607
TOTAL_CREEP_MOVES_T = 53258
TOTAL_CREEP_MOVES_P = 54139
TOTAL_LIMIT_SEEKS_T = 281
TOTAL_LIMIT_SEEKS_P = 312
LAST_PRIMARY_HARDSTOP_DIR_T = -1.0
LAST_PRIMARY_HARDSTOP_DIR_P = 1.0
LAST_MOVE_CMD = 'dXdY; (auto backlash backup); (auto final creep)'
LAST_MOVE_VAL1 = '2.41079; 3; -3.0032'
LAST_MOVE_VAL2 = '4.60672; -3; -1.10158'
LAST_MEAS_OBS_X = -28.67129314324213
LAST_MEAS_OBS_Y = 28.483001956394467
