# Configuration file for unit M00360.

#ID
POS_ID = 'M00360'
CAN_ID = 67
DEVICE_ID = -1
PETAL_ID = -1

# STATE
POS_T = 179.99997853086677
POS_P = -2.9999719753086751
GENERAL_SETTINGS_FILE = '_genl_settings_DEFAULT.conf'

# CALIBRATION
LENGTH_R1 = 3.0126534286510052
LENGTH_R2 = 3.1473394932182255
OFFSET_T = -62.18702389730818
OFFSET_P = -4.5127050655455321
GEAR_CALIB_T = 1.0
GEAR_CALIB_P = 1.0
GEAR_TYPE_T = 'namiki'
GEAR_TYPE_P = 'namiki'
OFFSET_X = 22.823348653004771
OFFSET_Y = 31.659408576968524
PHYSICAL_RANGE_T = 394.8286656543159
PHYSICAL_RANGE_P = 190.0
MOTOR_CCW_DIR_T = -1
MOTOR_CCW_DIR_P = -1
MOTOR_ID_T = 1
MOTOR_ID_P = 0

# HISTORY
TOTAL_MOVE_SEQUENCES = 3272
TOTAL_CRUISE_MOVES_T = 876
TOTAL_CRUISE_MOVES_P = 808
TOTAL_CREEP_MOVES_T = 8862
TOTAL_CREEP_MOVES_P = 8930
TOTAL_LIMIT_SEEKS_T = 46
TOTAL_LIMIT_SEEKS_P = 55
LAST_PRIMARY_HARDSTOP_DIR_T = -1.0
LAST_PRIMARY_HARDSTOP_DIR_P = 1.0
LAST_MOVE_CMD = 'posTP; (auto backlash backup); (auto final creep)'
LAST_MOVE_VAL1 = '180; 3; -3.00479'
LAST_MOVE_VAL2 = '-3; -3; -4.10011'
LAST_MEAS_OBS_X = 28.62337656134749
LAST_MEAS_OBS_Y = 31.659691751015913
