# Template file for configuration of individual fiber positioner unit.

# ID
POS_ID = 'M00309'
CAN_ID = 55
DEVICE_ID = -1
PETAL_ID = -1

# STATE
POS_T = -194.43231212543384
POS_P = 181.98924175656754
GENERAL_SETTINGS_FILE = '_genl_settings_DEFAULT.conf'

# CALIBRATION
LENGTH_R1 = 2.9483980646938974
LENGTH_R2 = 3.1583361260303211
OFFSET_T = -150.9473696324778
OFFSET_P = -3.8198865732018703
GEAR_CALIB_T = 1.0
GEAR_CALIB_P = 1.0
GEAR_TYPE_T = 'namiki'
GEAR_TYPE_P = 'namiki'
OFFSET_X = 60.27062519930282
OFFSET_Y = 16.161651105692332
PHYSICAL_RANGE_T = 394.86462425086768
PHYSICAL_RANGE_P = 186.85781995612882
MOTOR_CCW_DIR_T = -1
MOTOR_CCW_DIR_P = -1
MOTOR_ID_T = 1
MOTOR_ID_P = 0

# HISTORY
TOTAL_MOVE_SEQUENCES = 44976
TOTAL_CRUISE_MOVES_T = 8760
TOTAL_CRUISE_MOVES_P = 8777
TOTAL_CREEP_MOVES_T = 125885
TOTAL_CREEP_MOVES_P = 125868
TOTAL_LIMIT_SEEKS_T = 170
TOTAL_LIMIT_SEEKS_P = 203
LAST_PRIMARY_HARDSTOP_DIR_T = -1.0
LAST_PRIMARY_HARDSTOP_DIR_P = 1.0
LAST_MOVE_CMD = 'P limit seek; T limit seek; debounce direct_dtdp; debounce direct_dtdp'
LAST_MOVE_VAL1 = '0; -1; 3; 3'
LAST_MOVE_VAL2 = '1; 0; 0; -3'
LAST_MEAS_OBS_X = 66.07084802197639
LAST_MEAS_OBS_Y = 16.16108876990155
