# Configuration file for unit M00386.

#ID
POS_ID = 'M00386'
CAN_ID = 348
DEVICE_ID = -1
PETAL_ID = -1

# STATE
POS_T = -162.52097912528498
POS_P = 38.333094814814721
GENERAL_SETTINGS_FILE = '_genl_settings_DEFAULT.conf'

# CALIBRATION
LENGTH_R1 = 2.9094549461806363
LENGTH_R2 = 3.0844878380157512
OFFSET_T = 147.34251693422914
OFFSET_P = -8.6077988560325025
GEAR_CALIB_T = 1.0
GEAR_CALIB_P = 1.0
GEAR_TYPE_T = 'namiki'
GEAR_TYPE_P = 'namiki'
OFFSET_X = 45.607408108999415
OFFSET_Y = 16.070212277336193
PHYSICAL_RANGE_T = 393.88768862094003
PHYSICAL_RANGE_P = 190.0
MOTOR_CCW_DIR_T = -1
MOTOR_CCW_DIR_P = -1
MOTOR_ID_T = 1
MOTOR_ID_P = 0

# HISTORY
TOTAL_MOVE_SEQUENCES = 4133
TOTAL_CRUISE_MOVES_T = 1238
TOTAL_CRUISE_MOVES_P = 1205
TOTAL_CREEP_MOVES_T = 11010
TOTAL_CREEP_MOVES_P = 11043
TOTAL_LIMIT_SEEKS_T = 76
TOTAL_LIMIT_SEEKS_P = 90
LAST_PRIMARY_HARDSTOP_DIR_T = -1.0
LAST_PRIMARY_HARDSTOP_DIR_P = 1.0
LAST_MOVE_CMD = 'dXdY; (auto backlash backup); (auto final creep)'
LAST_MOVE_VAL1 = '-6.34513e-05; 3; -3.0002'
LAST_MOVE_VAL2 = '-0.00086831; -3; 3.00021'
LAST_MEAS_OBS_X = 51.407987757331284
LAST_MEAS_OBS_Y = 16.072242162949557
