# Configuration file for unit M00356.

#ID
POS_ID = 'M00356'
CAN_ID = 178
DEVICE_ID = -1
PETAL_ID = -1

# STATE
POS_T = 180.00005064762507
POS_P = -3.0000082492968119
GENERAL_SETTINGS_FILE = '_genl_settings_DEFAULT.conf'

# CALIBRATION
LENGTH_R1 = 3.0121054783747376
LENGTH_R2 = 3.1076376600421329
OFFSET_T = -110.46516660940091
OFFSET_P = -4.8043054242524903
GEAR_CALIB_T = 1.0
GEAR_CALIB_P = 1.0
GEAR_TYPE_T = 'namiki'
GEAR_TYPE_P = 'namiki'
OFFSET_X = 15.735058611853182
OFFSET_Y = 16.26574118833512
PHYSICAL_RANGE_T = 390.77646339610777
PHYSICAL_RANGE_P = 188.66457740125907
MOTOR_CCW_DIR_T = -1
MOTOR_CCW_DIR_P = -1
MOTOR_ID_T = 1
MOTOR_ID_P = 0

# HISTORY
TOTAL_MOVE_SEQUENCES = 2491
TOTAL_CRUISE_MOVES_T = 527
TOTAL_CRUISE_MOVES_P = 530
TOTAL_CREEP_MOVES_T = 6920
TOTAL_CREEP_MOVES_P = 6917
TOTAL_LIMIT_SEEKS_T = 15
TOTAL_LIMIT_SEEKS_P = 18
LAST_PRIMARY_HARDSTOP_DIR_T = -1.0
LAST_PRIMARY_HARDSTOP_DIR_P = 1.0
LAST_MOVE_CMD = 'posTP; (auto backlash backup); (auto final creep)'
LAST_MOVE_VAL1 = '180; 3; -3.00219'
LAST_MOVE_VAL2 = '-3; -3; -4.1143'
LAST_MEAS_OBS_X = 21.534951986823486
LAST_MEAS_OBS_Y = 16.266141197351565
