# Template file for configuration of individual fiber positioner unit.

# ID
POS_ID = 'M00091'
CAN_ID = 91
DEVICE_ID = -1
PETAL_ID = -1

# STATE
POS_T = -150.45840994727391
POS_P = 142.26779036969691
GENERAL_SETTINGS_FILE = '_genl_settings_DEFAULT.conf'

# CALIBRATION
LENGTH_R1 = 2.7641808939608818
LENGTH_R2 = 2.9701359571724719
OFFSET_T = 146.34405885394202
OFFSET_P = -2.2007323429061643
GEAR_CALIB_T = 1.0
GEAR_CALIB_P = 1.0
GEAR_TYPE_T = 'namiki'
GEAR_TYPE_P = 'namiki'
OFFSET_X = 55.108001550727572
OFFSET_Y = 72.67824117958115
PHYSICAL_RANGE_T = 389.32981100565939
PHYSICAL_RANGE_P = 184.30260281762637
MOTOR_CCW_DIR_T = -1
MOTOR_CCW_DIR_P = -1
MOTOR_ID_T = 1
MOTOR_ID_P = 0

# HISTORY
TOTAL_MOVE_SEQUENCES = 14754
TOTAL_CRUISE_MOVES_T = 5019
TOTAL_CRUISE_MOVES_P = 5184
TOTAL_CREEP_MOVES_T = 39017
TOTAL_CREEP_MOVES_P = 38852
TOTAL_LIMIT_SEEKS_T = 182
TOTAL_LIMIT_SEEKS_P = 212
LAST_PRIMARY_HARDSTOP_DIR_T = -1.0
LAST_PRIMARY_HARDSTOP_DIR_P = 1.0
LAST_MOVE_CMD = 'obsXY; (auto backlash backup); (auto final creep)'
LAST_MOVE_VAL1 = '55.7302; 3; -3.00396'
LAST_MOVE_VAL2 = '74.5449; -3; 3.00341'
LAST_MEAS_OBS_X = 55.729965093549524
LAST_MEAS_OBS_Y = 73.30055581725328
