# Template file for configuration of individual fiber positioner unit.

# ID
POS_ID = 'M00245'
CAN_ID = 180
DEVICE_ID = -1
PETAL_ID = -1

# STATE
POS_T = -7.4326308614029273
POS_P = 40.766997407407317
GENERAL_SETTINGS_FILE = '_genl_settings_DEFAULT.conf'

# CALIBRATION
LENGTH_R1 = 3.0194541487764512
LENGTH_R2 = 3.0469028549404409
OFFSET_T = -9.9948955418992753
OFFSET_P = -6.4368626331497296
GEAR_CALIB_T = 1.0
GEAR_CALIB_P = 1.0
GEAR_TYPE_T = 'namiki'
GEAR_TYPE_P = 'namiki'
OFFSET_X = 23.167235519716172
OFFSET_Y = 32.102607330550633
PHYSICAL_RANGE_T = 395.97438098206555
PHYSICAL_RANGE_P = 190.0
MOTOR_CCW_DIR_T = -1
MOTOR_CCW_DIR_P = -1
MOTOR_ID_T = 1
MOTOR_ID_P = 0

# HISTORY
TOTAL_MOVE_SEQUENCES = 2392
TOTAL_CRUISE_MOVES_T = 497
TOTAL_CRUISE_MOVES_P = 511
TOTAL_CREEP_MOVES_T = 6651
TOTAL_CREEP_MOVES_P = 6637
TOTAL_LIMIT_SEEKS_T = 16
TOTAL_LIMIT_SEEKS_P = 18
LAST_PRIMARY_HARDSTOP_DIR_T = -1.0
LAST_PRIMARY_HARDSTOP_DIR_P = 1.0
LAST_MOVE_CMD = 'dXdY; (auto backlash backup); (auto final creep)'
LAST_MOVE_VAL1 = '0.000694826; 3; -3.00001'
LAST_MOVE_VAL2 = '8.39142e-05; -3; 3.0001'
LAST_MEAS_OBS_X = 28.967631399727946
LAST_MEAS_OBS_Y = 32.09830787292441
