# Template file for configuration of individual fiber positioner unit.

# ID
POS_ID = 'M00059'
CAN_ID = 59
DEVICE_ID = -1
PETAL_ID = -1

# STATE
POS_T = 163.77364465889295
POS_P = 146.37563532481576
GENERAL_SETTINGS_FILE = '_genl_settings_DEFAULT.conf'

# CALIBRATION
LENGTH_R1 = 2.6500123506351669
LENGTH_R2 = 3.0319861351122372
OFFSET_T = -172.81988582992776
OFFSET_P = -6.1872752217589664
GEAR_CALIB_T = 1.0
GEAR_CALIB_P = 1.0
GEAR_TYPE_T = 'namiki'
GEAR_TYPE_P = 'namiki'
OFFSET_X = 55.166213536821431
OFFSET_Y = 43.247358638303545
PHYSICAL_RANGE_T = 394.10425611431344
PHYSICAL_RANGE_P = 183.59694489724507
MOTOR_CCW_DIR_T = -1
MOTOR_CCW_DIR_P = -1
MOTOR_ID_T = 1
MOTOR_ID_P = 0

# HISTORY
TOTAL_MOVE_SEQUENCES = 15316
TOTAL_CRUISE_MOVES_T = 5258
TOTAL_CRUISE_MOVES_P = 5344
TOTAL_CREEP_MOVES_T = 40460
TOTAL_CREEP_MOVES_P = 40374
TOTAL_LIMIT_SEEKS_T = 201
TOTAL_LIMIT_SEEKS_P = 233
LAST_PRIMARY_HARDSTOP_DIR_T = -1.0
LAST_PRIMARY_HARDSTOP_DIR_P = 1.0
LAST_MOVE_CMD = 'obsXY; (auto backlash backup); (auto final creep)'
LAST_MOVE_VAL1 = '55.7884; 3; -3.00388'
LAST_MOVE_VAL2 = '45.114; -3; 3.00292'
LAST_MEAS_OBS_X = 55.788813659920855
LAST_MEAS_OBS_Y = 43.8692287859299
