# Configuration file for unit M00124.
# Note this unit is one of the first 3 gamma prototypes

#ID
POS_ID = 'M00124'
CAN_ID = 124
DEVICE_ID = -1
PETAL_ID = -1

# STATE
POS_T = 2.6063139250800518
POS_P = 32.212736535412496
GENERAL_SETTINGS_FILE = '_genl_settings_DEFAULT.conf'

# CALIBRATION
LENGTH_R1 = 2.6543168003094237
LENGTH_R2 = 3.134484683021512
OFFSET_T = 161.6395807835244
OFFSET_P = -3.109996080107578
GEAR_CALIB_T = 1.0
GEAR_CALIB_P = 1.0
GEAR_TYPE_T = 'namiki'
GEAR_TYPE_P = 'namiki'
OFFSET_X = 27.069483542406346
OFFSET_Y = 31.360869023237548
PHYSICAL_RANGE_T = 392.72246227329674
PHYSICAL_RANGE_P = 187.7712809498493
MOTOR_CCW_DIR_T = -1
MOTOR_CCW_DIR_P = -1
MOTOR_ID_T = 1
MOTOR_ID_P = 0

# HISTORY
TOTAL_MOVE_SEQUENCES = 8107
TOTAL_CRUISE_MOVES_T = 2348
TOTAL_CRUISE_MOVES_P = 2350
TOTAL_CREEP_MOVES_T = 21920
TOTAL_CREEP_MOVES_P = 21918
TOTAL_LIMIT_SEEKS_T = 49
TOTAL_LIMIT_SEEKS_P = 57
LAST_PRIMARY_HARDSTOP_DIR_T = -1.0
LAST_PRIMARY_HARDSTOP_DIR_P = 1.0
LAST_MOVE_CMD = 'dXdY; (auto backlash backup); (auto final creep)'
LAST_MOVE_VAL1 = '0.000686066; 3; -3.00018'
LAST_MOVE_VAL2 = '-0.0016977; -3; 2.99996'
LAST_MEAS_OBS_X = 21.469134508304517
LAST_MEAS_OBS_Y = 31.36023273349871
