# Template file for configuration of individual fiber positioner unit.

# ID
POS_ID = 'M00254'
CAN_ID = 261
DEVICE_ID = -1
PETAL_ID = -1

# STATE
POS_T = -61.959594023717571
POS_P = 146.18437188248183
GENERAL_SETTINGS_FILE = '_genl_settings_DEFAULT.conf'

# CALIBRATION
LENGTH_R1 = 3.0753313699893305
LENGTH_R2 = 3.0486708067260624
OFFSET_T = 134.21633323361132
OFFSET_P = -14.229938816364509
GEAR_CALIB_T = 1.0
GEAR_CALIB_P = 1.0
GEAR_TYPE_T = 'namiki'
GEAR_TYPE_P = 'namiki'
OFFSET_X = 38.721680535512007
OFFSET_Y = 32.730547047658632
PHYSICAL_RANGE_T = 394.24794582521292
PHYSICAL_RANGE_P = 221.51015553661352
MOTOR_CCW_DIR_T = -1
MOTOR_CCW_DIR_P = -1
MOTOR_ID_T = 1
MOTOR_ID_P = 0

# HISTORY
TOTAL_MOVE_SEQUENCES = 30941
TOTAL_CRUISE_MOVES_T = 11983
TOTAL_CRUISE_MOVES_P = 13054
TOTAL_CREEP_MOVES_T = 80218
TOTAL_CREEP_MOVES_P = 79147
TOTAL_LIMIT_SEEKS_T = 318
TOTAL_LIMIT_SEEKS_P = 390
LAST_PRIMARY_HARDSTOP_DIR_T = -1.0
LAST_PRIMARY_HARDSTOP_DIR_P = 1.0
LAST_MOVE_CMD = 'dXdY; (auto backlash backup); (auto final creep)'
LAST_MOVE_VAL1 = '0.331702; 3; -2.99998'
LAST_MOVE_VAL2 = '-0.496213; -3; 2.99669'
LAST_MEAS_OBS_X = 36.21497826210228
LAST_MEAS_OBS_Y = 35.401759636715106
