# Settings file for fiber positioner unit: UM00012

POS_ID = 'UM00012'
CAN_ID = 12
DEVICE_ID = -1
PETAL_ID = -1

# STATE
POS_T = 30.000137751602907
POS_P = 179.99991876022608
GENERAL_SETTINGS_FILE = '_genl_settings_DEFAULT.conf'

# CALIBRATION
LENGTH_R1 = 3.0607707221867755
LENGTH_R2 = 2.9916542545018325
OFFSET_T = 135.5541185666243
OFFSET_P = 1.2151999901793573
GEAR_CALIB_T = 1.0
GEAR_CALIB_P = 1.0
GEAR_TYPE_T = 'namiki'
GEAR_TYPE_P = 'namiki'
OFFSET_X = 53.22340281842036
OFFSET_Y = 20.536902449417788
PHYSICAL_RANGE_T = 385.2700849906214
PHYSICAL_RANGE_P = 186.29906309487856
MOTOR_CCW_DIR_T = 1
MOTOR_CCW_DIR_P = 1
MOTOR_ID_T = 1
MOTOR_ID_P = 0

# HISTORY
TOTAL_MOVE_SEQUENCES = 5141
TOTAL_CRUISE_MOVES_T = 1844
TOTAL_CRUISE_MOVES_P = 1912
TOTAL_CREEP_MOVES_T = 13374
TOTAL_CREEP_MOVES_P = 13306
TOTAL_LIMIT_SEEKS_T = 290
TOTAL_LIMIT_SEEKS_P = 301
LAST_PRIMARY_HARDSTOP_DIR_T = -1.0
LAST_PRIMARY_HARDSTOP_DIR_P = 1.0
LAST_MOVE_CMD = 'direct_dtdp; (auto backlash backup); (auto final creep)'
LAST_MOVE_VAL1 = '30; 3; -3.001'
LAST_MOVE_VAL2 = '0; -0; 0'
LAST_MEAS_OBS_X = 58.57722666410288
LAST_MEAS_OBS_Y = 22.767407226340765
