# Template file for configuration of individual fiber positioner unit.

# ID
POS_ID = 'M00217'
CAN_ID = 38
DEVICE_ID = -1
PETAL_ID = -1

# STATE
POS_T = -8.3142512323775009e-05
POS_P = 180.00009814814814
GENERAL_SETTINGS_FILE = '_genl_settings_DEFAULT.conf'

# CALIBRATION
LENGTH_R1 = 2.920196914582025
LENGTH_R2 = 3.043117542571813
OFFSET_T = -35.93184466828945
OFFSET_P = -5.678250403527443
GEAR_CALIB_T = 1.0
GEAR_CALIB_P = 1.0
GEAR_TYPE_T = 'namiki'
GEAR_TYPE_P = 'namiki'
OFFSET_X = 44.98365587728073
OFFSET_Y = 9.981957196076142
PHYSICAL_RANGE_T = 394.9343028282346
PHYSICAL_RANGE_P = 190.0
MOTOR_CCW_DIR_T = -1
MOTOR_CCW_DIR_P = -1
MOTOR_ID_T = 1
MOTOR_ID_P = 0

# HISTORY
TOTAL_MOVE_SEQUENCES = 2157
TOTAL_CRUISE_MOVES_T = 412
TOTAL_CRUISE_MOVES_P = 424
TOTAL_CREEP_MOVES_T = 6051
TOTAL_CREEP_MOVES_P = 6039
TOTAL_LIMIT_SEEKS_T = 6
TOTAL_LIMIT_SEEKS_P = 7
LAST_PRIMARY_HARDSTOP_DIR_T = -1.0
LAST_PRIMARY_HARDSTOP_DIR_P = 1.0
LAST_MOVE_CMD = 'posTP; (auto final creep)'
LAST_MOVE_VAL1 = '0; 8.31425e-05'
LAST_MOVE_VAL2 = '180; -9.81481e-05'
LAST_MEAS_OBS_X = 50.78362929055909
LAST_MEAS_OBS_Y = 9.982593066896085
