# Template file for configuration of individual fiber positioner unit.

# ID
POS_ID = 'M00264'
CAN_ID = 286
DEVICE_ID = -1
PETAL_ID = -1

# STATE
POS_T = 68.804772433741576
POS_P = 109.7249030864197
GENERAL_SETTINGS_FILE = '_genl_settings_DEFAULT.conf'

# CALIBRATION
LENGTH_R1 = 3.0835213789007123
LENGTH_R2 = 2.990015384270825
OFFSET_T = -18.860080116375237
OFFSET_P = -4.6942900218110974
GEAR_CALIB_T = 1.0
GEAR_CALIB_P = 1.0
GEAR_TYPE_T = 'namiki'
GEAR_TYPE_P = 'namiki'
OFFSET_X = 68.942557830611847
OFFSET_Y = 32.264905449821583
PHYSICAL_RANGE_T = 392.85007414486199
PHYSICAL_RANGE_P = 190.0
MOTOR_CCW_DIR_T = -1
MOTOR_CCW_DIR_P = -1
MOTOR_ID_T = 1
MOTOR_ID_P = 0

# HISTORY
TOTAL_MOVE_SEQUENCES = 54743
TOTAL_CRUISE_MOVES_T = 30611
TOTAL_CRUISE_MOVES_P = 30433
TOTAL_CREEP_MOVES_T = 121760
TOTAL_CREEP_MOVES_P = 121938
TOTAL_LIMIT_SEEKS_T = 11545
TOTAL_LIMIT_SEEKS_P = 11621
LAST_PRIMARY_HARDSTOP_DIR_T = -1.0
LAST_PRIMARY_HARDSTOP_DIR_P = 1.0
LAST_MOVE_CMD = 'obsXY; (auto backlash backup); (auto final creep)'
LAST_MOVE_VAL1 = '68.2176; 3; -3.0007'
LAST_MOVE_VAL2 = '35.8899; -3; 2.99954'
LAST_MEAS_OBS_X = 68.21782241026611
LAST_MEAS_OBS_Y = 35.167204742575095
