# Template file for configuration of individual fiber positioner unit.

# ID
POS_ID = 'M00364'
CAN_ID = 421
DEVICE_ID = -1
PETAL_ID = -1

# STATE
POS_T = -193.9078286919892
POS_P = 179.12317675026472
GENERAL_SETTINGS_FILE = '_genl_settings_DEFAULT.conf'

# CALIBRATION
LENGTH_R1 = 2.9684844219124717
LENGTH_R2 = 3.1125734734375299
OFFSET_T = 182.59270693586291
OFFSET_P = 0.47055242623483196
GEAR_CALIB_T = 1.0
GEAR_CALIB_P = 1.0
GEAR_TYPE_T = 'namiki'
GEAR_TYPE_P = 'namiki'
OFFSET_X = 75.242764764985708
OFFSET_Y = 48.127271629524515
PHYSICAL_RANGE_T = 393.81565738397842
PHYSICAL_RANGE_P = 183.96280479824719
MOTOR_CCW_DIR_T = -1
MOTOR_CCW_DIR_P = -1
MOTOR_ID_T = 1
MOTOR_ID_P = 0

# HISTORY
TOTAL_MOVE_SEQUENCES = 45002
TOTAL_CRUISE_MOVES_T = 8771
TOTAL_CRUISE_MOVES_P = 8794
TOTAL_CREEP_MOVES_T = 125954
TOTAL_CREEP_MOVES_P = 125931
TOTAL_LIMIT_SEEKS_T = 176
TOTAL_LIMIT_SEEKS_P = 209
LAST_PRIMARY_HARDSTOP_DIR_T = -1.0
LAST_PRIMARY_HARDSTOP_DIR_P = 1.0
LAST_MOVE_CMD = 'P limit seek; T limit seek; debounce direct_dtdp; debounce direct_dtdp'
LAST_MOVE_VAL1 = '0; -1; 3; 3'
LAST_MOVE_VAL2 = '1; 0; -3; -3'
LAST_MEAS_OBS_X = 81.04314518726584
LAST_MEAS_OBS_Y = 48.12738240216406
