# Template file for configuration of individual fiber positioner unit.

# ID
POS_ID = 'UM00032'
CAN_ID = 32
DEVICE_ID = -1
PETAL_ID = -1

# STATE
POS_T = -0.00010817673458518584
POS_P = 170.00008135802469
GENERAL_SETTINGS_FILE = '_genl_settings_DEFAULT.conf'

# CALIBRATION
LENGTH_R1 = 3.010221690410015
LENGTH_R2 = 3.137173374983918
OFFSET_T = 34.080184136739426
OFFSET_P = -3.7681635627133545
GEAR_CALIB_T = 1.0
GEAR_CALIB_P = 1.0
GEAR_TYPE_T = 'namiki'
GEAR_TYPE_P = 'namiki'
OFFSET_X = 22.914538426076945
OFFSET_Y = 25.828900502722206
PHYSICAL_RANGE_T = 394.6847674645803
PHYSICAL_RANGE_P = 190.0
MOTOR_CCW_DIR_T = -1
MOTOR_CCW_DIR_P = -1
MOTOR_ID_T = 1
MOTOR_ID_P = 0

# HISTORY
TOTAL_MOVE_SEQUENCES = 17985
TOTAL_CRUISE_MOVES_T = 5830
TOTAL_CRUISE_MOVES_P = 5931
TOTAL_CREEP_MOVES_T = 47996
TOTAL_CREEP_MOVES_P = 47895
TOTAL_LIMIT_SEEKS_T = 68
TOTAL_LIMIT_SEEKS_P = 81
LAST_PRIMARY_HARDSTOP_DIR_T = -1.0
LAST_PRIMARY_HARDSTOP_DIR_P = 1.0
LAST_MOVE_CMD = 'direct_dtdp; (auto backlash backup); (auto final creep)'
LAST_MOVE_VAL1 = '0; 0; 0'
LAST_MOVE_VAL2 = '-10; -3; 2.99712'
LAST_MEAS_OBS_X = 28.34124674870317
LAST_MEAS_OBS_Y = 26.03801976864946
