# Template file for configuration of individual fiber positioner unit.

# ID
POS_ID = 'M00221'
CAN_ID = 386
DEVICE_ID = -1
PETAL_ID = -1

# STATE
POS_T = 4.8564055646238558e-05
POS_P = 180.00009814814814
GENERAL_SETTINGS_FILE = '_genl_settings_DEFAULT.conf'

# CALIBRATION
LENGTH_R1 = 2.999662931953451
LENGTH_R2 = 3.0387811856998823
OFFSET_T = -47.72250888070865
OFFSET_P = -5.550985944238704
GEAR_CALIB_T = 1.0
GEAR_CALIB_P = 1.0
GEAR_TYPE_T = 'namiki'
GEAR_TYPE_P = 'namiki'
OFFSET_X = 59.35861207617791
OFFSET_Y = 41.95711688012465
PHYSICAL_RANGE_T = 392.4298853410246
PHYSICAL_RANGE_P = 190.0
MOTOR_CCW_DIR_T = -1
MOTOR_CCW_DIR_P = -1
MOTOR_ID_T = 1
MOTOR_ID_P = 0

# HISTORY
TOTAL_MOVE_SEQUENCES = 2195
TOTAL_CRUISE_MOVES_T = 434
TOTAL_CRUISE_MOVES_P = 456
TOTAL_CREEP_MOVES_T = 6145
TOTAL_CREEP_MOVES_P = 6123
TOTAL_LIMIT_SEEKS_T = 12
TOTAL_LIMIT_SEEKS_P = 13
LAST_PRIMARY_HARDSTOP_DIR_T = -1.0
LAST_PRIMARY_HARDSTOP_DIR_P = 1.0
LAST_MOVE_CMD = 'posTP; (auto final creep)'
LAST_MOVE_VAL1 = '0; -4.85641e-05'
LAST_MOVE_VAL2 = '180; -9.81481e-05'
LAST_MEAS_OBS_X = 65.15879238221645
LAST_MEAS_OBS_Y = 41.95684345558444
