# Settings file for unit: M00390

POS_ID = 'M00390'
CAN_ID = 39
DEVICE_ID = -1
PETAL_ID = -1

# STATE
POS_T = -194.78244265724325
POS_P = 181.26688270330686
GENERAL_SETTINGS_FILE = '_genl_settings_DEFAULT.conf'

# CALIBRATION
LENGTH_R1 = 2.909371262352806
LENGTH_R2 = 3.103689281454751
OFFSET_T = -147.36931336397737
OFFSET_P = 1.8240963893882873
GEAR_CALIB_T = 1.0
GEAR_CALIB_P = 1.0
GEAR_TYPE_T = 'namiki'
GEAR_TYPE_P = 'namiki'
OFFSET_X = 27.180425083395136
OFFSET_Y = 31.41550953288
PHYSICAL_RANGE_T = 395.5648853144865
PHYSICAL_RANGE_P = 186.1281643467746
MOTOR_CCW_DIR_T = -1
MOTOR_CCW_DIR_P = -1
MOTOR_ID_T = 1
MOTOR_ID_P = 0

# HISTORY
TOTAL_MOVE_SEQUENCES = 1868
TOTAL_CRUISE_MOVES_T = 879
TOTAL_CRUISE_MOVES_P = 942
TOTAL_CREEP_MOVES_T = 4657
TOTAL_CREEP_MOVES_P = 4594
TOTAL_LIMIT_SEEKS_T = 61
TOTAL_LIMIT_SEEKS_P = 70
LAST_PRIMARY_HARDSTOP_DIR_T = -1.0
LAST_PRIMARY_HARDSTOP_DIR_P = 1.0
LAST_MOVE_CMD = 'P limit seek; T limit seek; debounce direct_dtdp; debounce direct_dtdp'
LAST_MOVE_VAL1 = '0; -1; 3; 3'
LAST_MOVE_VAL2 = '1; 0; -3; -3'
LAST_MEAS_OBS_X = 31.536333570836163
LAST_MEAS_OBS_Y = 34.52762797510859
