# Template file for configuration of individual fiber positioner unit.

# ID
POS_ID = 'M00252'
CAN_ID = 430
DEVICE_ID = -1
PETAL_ID = -1

# STATE
POS_T = -192.58850311741637
POS_P = 179.77955591946454
GENERAL_SETTINGS_FILE = '_genl_settings_DEFAULT.conf'

# CALIBRATION
LENGTH_R1 = 3.0066523893547332
LENGTH_R2 = 3.0263783164092413
OFFSET_T = -111.62916646407763
OFFSET_P = -0.10807409940051294
GEAR_CALIB_T = 1.0
GEAR_CALIB_P = 1.0
GEAR_TYPE_T = 'namiki'
GEAR_TYPE_P = 'namiki'
OFFSET_X = 45.035274402966564
OFFSET_Y = 48.467782645604089
PHYSICAL_RANGE_T = 391.17700623483273
PHYSICAL_RANGE_P = 184.62581406006518
MOTOR_CCW_DIR_T = -1
MOTOR_CCW_DIR_P = -1
MOTOR_ID_T = 1
MOTOR_ID_P = 0

# HISTORY
TOTAL_MOVE_SEQUENCES = 2980
TOTAL_CRUISE_MOVES_T = 583
TOTAL_CRUISE_MOVES_P = 576
TOTAL_CREEP_MOVES_T = 8340
TOTAL_CREEP_MOVES_P = 8347
TOTAL_LIMIT_SEEKS_T = 10
TOTAL_LIMIT_SEEKS_P = 12
LAST_PRIMARY_HARDSTOP_DIR_T = -1.0
LAST_PRIMARY_HARDSTOP_DIR_P = 1.0
LAST_MOVE_CMD = 'P limit seek; T limit seek; debounce direct_dtdp; debounce direct_dtdp'
LAST_MOVE_VAL1 = '0; -1; 3; 3'
LAST_MOVE_VAL2 = '1; 0; -3; -3'
LAST_MEAS_OBS_X = 50.83612188692869
LAST_MEAS_OBS_Y = 48.46653905224679
