# Template file for configuration of individual fiber positioner unit.

# ID
POS_ID = 'M00245'
CAN_ID = 180
DEVICE_ID = -1
PETAL_ID = -1

# STATE
POS_T = 95.699661171921932
POS_P = 124.79251197530864
GENERAL_SETTINGS_FILE = '_genl_settings_DEFAULT.conf'

# CALIBRATION
LENGTH_R1 = 3.0252223469502031
LENGTH_R2 = 3.0487595007993744
OFFSET_T = -13.979514437282543
OFFSET_P = -6.430246537227589
GEAR_CALIB_T = 1.0
GEAR_CALIB_P = 1.0
GEAR_TYPE_T = 'namiki'
GEAR_TYPE_P = 'namiki'
OFFSET_X = 31.353946702000652
OFFSET_Y = 48.422965127546178
PHYSICAL_RANGE_T = 395.89048456973615
PHYSICAL_RANGE_P = 190.0
MOTOR_CCW_DIR_T = -1
MOTOR_CCW_DIR_P = -1
MOTOR_ID_T = 1
MOTOR_ID_P = 0

# HISTORY
TOTAL_MOVE_SEQUENCES = 30954
TOTAL_CRUISE_MOVES_T = 11424
TOTAL_CRUISE_MOVES_P = 9374
TOTAL_CREEP_MOVES_T = 80813
TOTAL_CREEP_MOVES_P = 82863
TOTAL_LIMIT_SEEKS_T = 319
TOTAL_LIMIT_SEEKS_P = 390
LAST_PRIMARY_HARDSTOP_DIR_T = -1.0
LAST_PRIMARY_HARDSTOP_DIR_P = 1.0
LAST_MOVE_CMD = 'dXdY; (auto backlash backup); (auto final creep)'
LAST_MOVE_VAL1 = '-0.252736; 3; -2.99717'
LAST_MOVE_VAL2 = '-0.228181; -3; 3.00021'
LAST_MEAS_OBS_X = 29.431682470675756
LAST_MEAS_OBS_Y = 50.82614587255819
