# Template file for configuration of individual fiber positioner unit.

# ID
POS_ID = 'M00230'
CAN_ID = 343
DEVICE_ID = -1
PETAL_ID = -1

# STATE
POS_T = -193.23267179727836
POS_P = 181.2912268919528
GENERAL_SETTINGS_FILE = '_genl_settings_DEFAULT.conf'

# CALIBRATION
LENGTH_R1 = 2.9714593274949244
LENGTH_R2 = 3.0384146519637825
OFFSET_T = 38.718293614905626
OFFSET_P = -3.2075133787154186
GEAR_CALIB_T = 1.0
GEAR_CALIB_P = 1.0
GEAR_TYPE_T = 'namiki'
GEAR_TYPE_P = 'namiki'
OFFSET_X = 15.204869304812432
OFFSET_Y = 15.932847176443728
PHYSICAL_RANGE_T = 392.46534359455671
PHYSICAL_RANGE_P = 186.15275443631594
MOTOR_CCW_DIR_T = -1
MOTOR_CCW_DIR_P = -1
MOTOR_ID_T = 1
MOTOR_ID_P = 0

# HISTORY
TOTAL_MOVE_SEQUENCES = 2166
TOTAL_CRUISE_MOVES_T = 414
TOTAL_CRUISE_MOVES_P = 426
TOTAL_CREEP_MOVES_T = 6076
TOTAL_CREEP_MOVES_P = 6064
TOTAL_LIMIT_SEEKS_T = 8
TOTAL_LIMIT_SEEKS_P = 9
LAST_PRIMARY_HARDSTOP_DIR_T = -1.0
LAST_PRIMARY_HARDSTOP_DIR_P = 1.0
LAST_MOVE_CMD = 'P limit seek; T limit seek; debounce direct_dtdp; debounce direct_dtdp'
LAST_MOVE_VAL1 = '0; -1; 3; 3'
LAST_MOVE_VAL2 = '1; 0; -3; -3'
LAST_MEAS_OBS_X = 21.004655847361093
LAST_MEAS_OBS_Y = 15.932339848404181
