# Configuration file for unit M00665.

#ID
POS_ID = 'M00665'
CAN_ID = 290
DEVICE_ID = -1
PETAL_ID = -1

# STATE
POS_T = 59.607113126183926
POS_P = 49.259423333333508
GENERAL_SETTINGS_FILE = '_genl_settings_DEFAULT.conf'

# CALIBRATION
LENGTH_R1 = 3.0760579404127033
LENGTH_R2 = 3.1391693212576328
OFFSET_T = -81.106398590749791
OFFSET_P = -6.7845766244114714
GEAR_CALIB_T = 1.0
GEAR_CALIB_P = 1.0
GEAR_TYPE_T = 'namiki'
GEAR_TYPE_P = 'namiki'
OFFSET_X = 53.740166414470799
OFFSET_Y = 32.514560588390808
PHYSICAL_RANGE_T = 395.63237152540972
PHYSICAL_RANGE_P = 190.0
MOTOR_CCW_DIR_T = -1
MOTOR_CCW_DIR_P = -1
MOTOR_ID_T = 1
MOTOR_ID_P = 0

# HISTORY
TOTAL_MOVE_SEQUENCES = 1875
TOTAL_CRUISE_MOVES_T = 458
TOTAL_CRUISE_MOVES_P = 463
TOTAL_CREEP_MOVES_T = 5142
TOTAL_CREEP_MOVES_P = 5137
TOTAL_LIMIT_SEEKS_T = 15
TOTAL_LIMIT_SEEKS_P = 18
LAST_PRIMARY_HARDSTOP_DIR_T = -1.0
LAST_PRIMARY_HARDSTOP_DIR_P = 1.0
LAST_MOVE_CMD = 'dXdY; (auto backlash backup); (auto final creep)'
LAST_MOVE_VAL1 = '-0.000425798; 3; -2.99998'
LAST_MOVE_VAL2 = '-0.00104222; -3; 3.00008'
LAST_MEAS_OBS_X = 59.539836512553855
LAST_MEAS_OBS_Y = 32.51408309415392
