# Template file for configuration of individual fiber positioner unit.

# ID
POS_ID = 'M00009'
CAN_ID = 292
DEVICE_ID = -1
PETAL_ID = -1

# STATE
POS_T = 78.116929506170266
POS_P = 4.6925174139289538e-05
GENERAL_SETTINGS_FILE = '_genl_settings_DEFAULT.conf'

# CALIBRATION
LENGTH_R1 = 2.9394043382278152
LENGTH_R2 = 3.0047212418893565
OFFSET_T = -13.163272222284373
OFFSET_P = 0.0
GEAR_CALIB_T = 1.0
GEAR_CALIB_P = 1.0
GEAR_TYPE_T = 'namiki'
GEAR_TYPE_P = 'namiki'
OFFSET_X = 50.315951558847686
OFFSET_Y = 29.155327361170084
PHYSICAL_RANGE_T = 370.0
PHYSICAL_RANGE_P = 190.49189114527303
MOTOR_CCW_DIR_T = -1
MOTOR_CCW_DIR_P = -1
MOTOR_ID_T = 1
MOTOR_ID_P = 0

# HISTORY
TOTAL_MOVE_SEQUENCES = 2166
TOTAL_CRUISE_MOVES_T = 1680
TOTAL_CRUISE_MOVES_P = 1306
TOTAL_CREEP_MOVES_T = 4807
TOTAL_CREEP_MOVES_P = 5181
TOTAL_LIMIT_SEEKS_T = 6
TOTAL_LIMIT_SEEKS_P = 6
LAST_PRIMARY_HARDSTOP_DIR_T = -1.0
LAST_PRIMARY_HARDSTOP_DIR_P = 1.0
LAST_MOVE_CMD = 'dXdY; (auto backlash backup); (auto final creep)'
LAST_MOVE_VAL1 = '3.67739; 3; -3.00169'
LAST_MOVE_VAL2 = '9.09008; -0; -4.43639e-05'
LAST_MEAS_OBS_X = 52.44329239962791
LAST_MEAS_OBS_Y = 20.065241005217388
