# Template file for configuration of individual fiber positioner unit.

# ID
POS_ID = 'M00319'
CAN_ID = 319
DEVICE_ID = -1
PETAL_ID = -1

# STATE
POS_T = 135.55182118118674
POS_P = 59.45706334243372
GENERAL_SETTINGS_FILE = '_genl_settings_DEFAULT.conf'

# CALIBRATION
LENGTH_R1 = 3.0971102729843527
LENGTH_R2 = 3.090245057517385
OFFSET_T = -130.3179702855245
OFFSET_P = 0.28235002303628581
GEAR_CALIB_T = 1.0
GEAR_CALIB_P = 1.0
GEAR_TYPE_T = 'namiki'
GEAR_TYPE_P = 'namiki'
OFFSET_X = 27.145431029228629
OFFSET_Y = 31.187854443863035
PHYSICAL_RANGE_T = 392.65712529194866
PHYSICAL_RANGE_P = 187.68184799522561
MOTOR_CCW_DIR_T = -1
MOTOR_CCW_DIR_P = -1
MOTOR_ID_T = 1
MOTOR_ID_P = 0

# HISTORY
TOTAL_MOVE_SEQUENCES = 45876
TOTAL_CRUISE_MOVES_T = 9044
TOTAL_CRUISE_MOVES_P = 9115
TOTAL_CREEP_MOVES_T = 128275
TOTAL_CREEP_MOVES_P = 128204
TOTAL_LIMIT_SEEKS_T = 184
TOTAL_LIMIT_SEEKS_P = 220
LAST_PRIMARY_HARDSTOP_DIR_T = -1.0
LAST_PRIMARY_HARDSTOP_DIR_P = 1.0
LAST_MOVE_CMD = 'dXdY; (auto backlash backup); (auto final creep)'
LAST_MOVE_VAL1 = '0.000150254; 3; -3.00013'
LAST_MOVE_VAL2 = '-0.000562185; -3; 3.00009'
LAST_MEAS_OBS_X = 31.50010305316675
LAST_MEAS_OBS_Y = 34.298247424175024
