# Configuration file for unit M00937.

#ID
POS_ID = 'M00937'
CAN_ID = 154
DEVICE_ID = -1
PETAL_ID = -1

# STATE
POS_T = -5.1975726410802281e-05
POS_P = 180.00009814814791
GENERAL_SETTINGS_FILE = '_genl_settings_DEFAULT.conf'

# CALIBRATION
LENGTH_R1 = 3.1586255835421597
LENGTH_R2 = 3.0758934388754122
OFFSET_T = 3.3096784483252057
OFFSET_P = -5.2531087291255574
GEAR_CALIB_T = 1.0
GEAR_CALIB_P = 1.0
GEAR_TYPE_T = 'namiki'
GEAR_TYPE_P = 'namiki'
OFFSET_X = 76.234295164266598
OFFSET_Y = 16.735462142053617
PHYSICAL_RANGE_T = 394.14872814898354
PHYSICAL_RANGE_P = 190.0
MOTOR_CCW_DIR_T = -1
MOTOR_CCW_DIR_P = -1
MOTOR_ID_T = 1
MOTOR_ID_P = 0

# HISTORY
TOTAL_MOVE_SEQUENCES = 870
TOTAL_CRUISE_MOVES_T = 204
TOTAL_CRUISE_MOVES_P = 220
TOTAL_CREEP_MOVES_T = 2397
TOTAL_CREEP_MOVES_P = 2381
TOTAL_LIMIT_SEEKS_T = 10
TOTAL_LIMIT_SEEKS_P = 11
LAST_PRIMARY_HARDSTOP_DIR_T = -1.0
LAST_PRIMARY_HARDSTOP_DIR_P = 1.0
LAST_MOVE_CMD = 'posTP; (auto backlash backup); (auto final creep)'
LAST_MOVE_VAL1 = '0; 3; -3.00209'
LAST_MOVE_VAL2 = '180; -3; 2.99908'
LAST_MEAS_OBS_X = 82.0343642783712
LAST_MEAS_OBS_Y = 16.73577106408816
