# Template file for configuration of individual fiber positioner unit.

# ID
POS_ID = 'M00228'
CAN_ID = 483
DEVICE_ID = -1
PETAL_ID = -1

# STATE
POS_T = 162.01769187068743
POS_P = 105.47002161249858
GENERAL_SETTINGS_FILE = '_genl_settings_DEFAULT.conf'

# CALIBRATION
LENGTH_R1 = 3.0868017399641059
LENGTH_R2 = 3.0072886920626707
OFFSET_T = -112.38896946011523
OFFSET_P = -0.14819679845746236
GEAR_CALIB_T = 1.0
GEAR_CALIB_P = 1.0
GEAR_TYPE_T = 'namiki'
GEAR_TYPE_P = 'namiki'
OFFSET_X = 53.555016837418172
OFFSET_Y = 32.547314988786546
PHYSICAL_RANGE_T = 394.22096983887189
PHYSICAL_RANGE_P = 184.57245131079173
MOTOR_CCW_DIR_T = -1
MOTOR_CCW_DIR_P = -1
MOTOR_ID_T = 1
MOTOR_ID_P = 0

# HISTORY
TOTAL_MOVE_SEQUENCES = 54841
TOTAL_CRUISE_MOVES_T = 30777
TOTAL_CRUISE_MOVES_P = 30381
TOTAL_CREEP_MOVES_T = 121912
TOTAL_CREEP_MOVES_P = 122308
TOTAL_LIMIT_SEEKS_T = 11551
TOTAL_LIMIT_SEEKS_P = 11629
LAST_PRIMARY_HARDSTOP_DIR_T = -1.0
LAST_PRIMARY_HARDSTOP_DIR_P = 1.0
LAST_MOVE_CMD = 'obsXY; (auto backlash backup); (auto final creep)'
LAST_MOVE_VAL1 = '52.83; 3; -3.00473'
LAST_MOVE_VAL2 = '36.1723; -3; 2.99902'
LAST_MEAS_OBS_X = 52.82845371085537
LAST_MEAS_OBS_Y = 35.44597201979852
