# Configuration file for unit M00354.

#ID
POS_ID = 'M00354'
CAN_ID = 161
DEVICE_ID = -1
PETAL_ID = -1

# STATE
POS_T = 49.295753364121111
POS_P = 51.453551397271198
GENERAL_SETTINGS_FILE = '_genl_settings_DEFAULT.conf'

# CALIBRATION
LENGTH_R1 = 3.0407139908785283
LENGTH_R2 = 3.1348021607923524
OFFSET_T = -100.68200960003259
OFFSET_P = -6.0279654148410344
GEAR_CALIB_T = 1.0
GEAR_CALIB_P = 1.0
GEAR_TYPE_T = 'namiki'
GEAR_TYPE_P = 'namiki'
OFFSET_X = 76.099536600750881
OFFSET_Y = 49.681431910837091
PHYSICAL_RANGE_T = 391.05348364212773
PHYSICAL_RANGE_P = 185.61810703552749
MOTOR_CCW_DIR_T = -1
MOTOR_CCW_DIR_P = -1
MOTOR_ID_T = 1
MOTOR_ID_P = 0

# HISTORY
TOTAL_MOVE_SEQUENCES = 2284
TOTAL_CRUISE_MOVES_T = 1470
TOTAL_CRUISE_MOVES_P = 1384
TOTAL_CREEP_MOVES_T = 5357
TOTAL_CREEP_MOVES_P = 5443
TOTAL_LIMIT_SEEKS_T = 14
TOTAL_LIMIT_SEEKS_P = 17
LAST_PRIMARY_HARDSTOP_DIR_T = -1.0
LAST_PRIMARY_HARDSTOP_DIR_P = 1.0
LAST_MOVE_CMD = 'dXdY; (auto backlash backup); (auto final creep)'
LAST_MOVE_VAL1 = '-0.308282; 3; -3.0049'
LAST_MOVE_VAL2 = '0.151704; -3; 2.99807'
LAST_MEAS_OBS_X = 81.92054277097739
LAST_MEAS_OBS_Y = 49.53831657343954
