# Configuration file for unit M00357.

#ID
POS_ID = 'M00357'
CAN_ID = 21
DEVICE_ID = -1
PETAL_ID = -1

# STATE
POS_T = -179.99988273906382
POS_P = -2.9999719753086254
GENERAL_SETTINGS_FILE = '_genl_settings_DEFAULT.conf'

# CALIBRATION
LENGTH_R1 = 3.0233937003142088
LENGTH_R2 = 3.0637124241831177
OFFSET_T = -8.315931634913543
OFFSET_P = -3.4291897991131037
GEAR_CALIB_T = 1.0
GEAR_CALIB_P = 1.0
GEAR_TYPE_T = 'namiki'
GEAR_TYPE_P = 'namiki'
OFFSET_X = 30.213504904582631
OFFSET_Y = 47.734836436225912
PHYSICAL_RANGE_T = 395.59431362627549
PHYSICAL_RANGE_P = 190.0
MOTOR_CCW_DIR_T = -1
MOTOR_CCW_DIR_P = -1
MOTOR_ID_T = 1
MOTOR_ID_P = 0

# HISTORY
TOTAL_MOVE_SEQUENCES = 3438
TOTAL_CRUISE_MOVES_T = 928
TOTAL_CRUISE_MOVES_P = 873
TOTAL_CREEP_MOVES_T = 9299
TOTAL_CREEP_MOVES_P = 9354
TOTAL_LIMIT_SEEKS_T = 50
TOTAL_LIMIT_SEEKS_P = 60
LAST_PRIMARY_HARDSTOP_DIR_T = -1.0
LAST_PRIMARY_HARDSTOP_DIR_P = 1.0
LAST_MOVE_CMD = 'posTP; (auto backlash backup); (auto final creep)'
LAST_MOVE_VAL1 = '180; 3; -3.00018'
LAST_MOVE_VAL2 = '-3; -3; -4.10159'
LAST_MEAS_OBS_X = 36.01327664470012
LAST_MEAS_OBS_Y = 47.73551558074329
