# Configuration file for unit M00435.

#ID
POS_ID = 'M00435'
CAN_ID = 435
DEVICE_ID = -1
PETAL_ID = -1

# STATE
POS_T = -39.674714889430106
POS_P = 50.493830306442952
GENERAL_SETTINGS_FILE = '_genl_settings_DEFAULT.conf'

# CALIBRATION
LENGTH_R1 = 2.9775886985849565
LENGTH_R2 = 3.132220433750875
OFFSET_T = 45.221540524101734
OFFSET_P = 7.4805120890884202
GEAR_CALIB_T = 1.0
GEAR_CALIB_P = 1.0
GEAR_TYPE_T = 'namiki'
GEAR_TYPE_P = 'namiki'
OFFSET_X = 27.158074502196019
OFFSET_Y = 31.587358813144252
PHYSICAL_RANGE_T = 394.9628260751573
PHYSICAL_RANGE_P = 188.53298821326717
MOTOR_CCW_DIR_T = -1
MOTOR_CCW_DIR_P = -1
MOTOR_ID_T = 1
MOTOR_ID_P = 0

# HISTORY
TOTAL_MOVE_SEQUENCES = 3496
TOTAL_CRUISE_MOVES_T = 860
TOTAL_CRUISE_MOVES_P = 1014
TOTAL_CREEP_MOVES_T = 9572
TOTAL_CREEP_MOVES_P = 9418
TOTAL_LIMIT_SEEKS_T = 32
TOTAL_LIMIT_SEEKS_P = 36
LAST_PRIMARY_HARDSTOP_DIR_T = -1.0
LAST_PRIMARY_HARDSTOP_DIR_P = 1.0
LAST_MOVE_CMD = 'dXdY; (auto backlash backup); (auto final creep)'
LAST_MOVE_VAL1 = '0.000312414; 3; -3.00016'
LAST_MOVE_VAL2 = '0.00013129; -3; 3'
LAST_MEAS_OBS_X = 31.514220710617522
LAST_MEAS_OBS_Y = 34.698219221564194
