# Configuration file for unit M00941.

#ID
POS_ID = 'M00941'
CAN_ID = 542
DEVICE_ID = -1
PETAL_ID = -1

# STATE
POS_T = -6.70731037502037e-05
POS_P = 180.00009814814814
GENERAL_SETTINGS_FILE = '_genl_settings_DEFAULT.conf'

# CALIBRATION
LENGTH_R1 = 3.0596898160628929
LENGTH_R2 = 3.1224055438410434
OFFSET_T = -88.980547141690096
OFFSET_P = -3.2008830869964697
GEAR_CALIB_T = 1.0
GEAR_CALIB_P = 1.0
GEAR_TYPE_T = 'namiki'
GEAR_TYPE_P = 'namiki'
OFFSET_X = 53.245523422673301
OFFSET_Y = 32.771259146803139
PHYSICAL_RANGE_T = 394.93723488694849
PHYSICAL_RANGE_P = 190.0
MOTOR_CCW_DIR_T = -1
MOTOR_CCW_DIR_P = -1
MOTOR_ID_T = 1
MOTOR_ID_P = 0

# HISTORY
TOTAL_MOVE_SEQUENCES = 871
TOTAL_CRUISE_MOVES_T = 209
TOTAL_CRUISE_MOVES_P = 224
TOTAL_CREEP_MOVES_T = 2395
TOTAL_CREEP_MOVES_P = 2380
TOTAL_LIMIT_SEEKS_T = 10
TOTAL_LIMIT_SEEKS_P = 11
LAST_PRIMARY_HARDSTOP_DIR_T = -1.0
LAST_PRIMARY_HARDSTOP_DIR_P = 1.0
LAST_MOVE_CMD = 'posTP; (auto backlash backup); (auto final creep)'
LAST_MOVE_VAL1 = '0; 3; -2.99881'
LAST_MOVE_VAL2 = '180; -3; 2.99937'
LAST_MEAS_OBS_X = 59.045365017055914
LAST_MEAS_OBS_Y = 32.77196395301821
