# Template file for configuration of individual fiber positioner unit.

# ID
POS_ID = 'M00019'
CAN_ID = 324
DEVICE_ID = -1
PETAL_ID = -1

# STATE
POS_T = -2.362953124244918
POS_P = 32.53631012345673
GENERAL_SETTINGS_FILE = '_genl_settings_DEFAULT.conf'

# CALIBRATION
LENGTH_R1 = 3.0050991539864125
LENGTH_R2 = 3.0414341358259369
OFFSET_T = -14.495263029612255
OFFSET_P = 0.42927636209492448
GEAR_CALIB_T = 1.0
GEAR_CALIB_P = 1.0
GEAR_TYPE_T = 'namiki'
GEAR_TYPE_P = 'namiki'
OFFSET_X = 17.20452652406636
OFFSET_Y = 41.734461046322927
PHYSICAL_RANGE_T = 396.59802674231662
PHYSICAL_RANGE_P = 190.0
MOTOR_CCW_DIR_T = -1
MOTOR_CCW_DIR_P = -1
MOTOR_ID_T = 1
MOTOR_ID_P = 0

# HISTORY
TOTAL_MOVE_SEQUENCES = 2162
TOTAL_CRUISE_MOVES_T = 411
TOTAL_CRUISE_MOVES_P = 421
TOTAL_CREEP_MOVES_T = 6066
TOTAL_CREEP_MOVES_P = 6056
TOTAL_LIMIT_SEEKS_T = 5
TOTAL_LIMIT_SEEKS_P = 6
LAST_PRIMARY_HARDSTOP_DIR_T = -1.0
LAST_PRIMARY_HARDSTOP_DIR_P = 1.0
LAST_MOVE_CMD = 'dXdY; (auto backlash backup); (auto final creep)'
LAST_MOVE_VAL1 = '-0.000361735; 3; -3.00013'
LAST_MOVE_VAL2 = '-0.00070455; -3; 3'
LAST_MEAS_OBS_X = 23.00449656336414
LAST_MEAS_OBS_Y = 41.734147453812
