# Configuration file for unit M00406.

#ID
POS_ID = 'M00406'
CAN_ID = 14
DEVICE_ID = -1
PETAL_ID = -1

# STATE
POS_T = -179.99989610836883
POS_P = -3.0000698888909731
GENERAL_SETTINGS_FILE = '_genl_settings_DEFAULT.conf'

# CALIBRATION
LENGTH_R1 = 2.8811001082541861
LENGTH_R2 = 3.0507611594236015
OFFSET_T = -4.0994497797271832
OFFSET_P = -3.1782974555011663
GEAR_CALIB_T = 1.0
GEAR_CALIB_P = 1.0
GEAR_TYPE_T = 'namiki'
GEAR_TYPE_P = 'namiki'
OFFSET_X = 45.175469804984239
OFFSET_Y = 47.97053996612194
PHYSICAL_RANGE_T = 393.5413371550095
PHYSICAL_RANGE_P = 183.40770543708484
MOTOR_CCW_DIR_T = -1
MOTOR_CCW_DIR_P = -1
MOTOR_ID_T = 1
MOTOR_ID_P = 0

# HISTORY
TOTAL_MOVE_SEQUENCES = 3442
TOTAL_CRUISE_MOVES_T = 1097
TOTAL_CRUISE_MOVES_P = 1001
TOTAL_CREEP_MOVES_T = 9139
TOTAL_CREEP_MOVES_P = 9235
TOTAL_LIMIT_SEEKS_T = 50
TOTAL_LIMIT_SEEKS_P = 60
LAST_PRIMARY_HARDSTOP_DIR_T = -1.0
LAST_PRIMARY_HARDSTOP_DIR_P = 1.0
LAST_MOVE_CMD = 'posTP; (auto backlash backup); (auto final creep)'
LAST_MOVE_VAL1 = '180; 3; -3.00491'
LAST_MOVE_VAL2 = '-3; -3; -4.16463'
LAST_MEAS_OBS_X = 50.97538549944005
LAST_MEAS_OBS_Y = 47.97062837366116
