# Configuration file for unit M00416.

#ID
POS_ID = 'M00416'
CAN_ID = 416
DEVICE_ID = -1
PETAL_ID = -1

# STATE
POS_T = 159.24658151835564
POS_P = 51.126043896334068
GENERAL_SETTINGS_FILE = '_genl_settings_DEFAULT.conf'

# CALIBRATION
LENGTH_R1 = 2.9164603140737531
LENGTH_R2 = 3.0836010541144523
OFFSET_T = -151.88690940389714
OFFSET_P = 2.4582045813564295
GEAR_CALIB_T = 1.0
GEAR_CALIB_P = 1.0
GEAR_TYPE_T = 'namiki'
GEAR_TYPE_P = 'namiki'
OFFSET_X = 27.201363436088201
OFFSET_Y = 10.682091347509949
PHYSICAL_RANGE_T = 393.13998758057403
PHYSICAL_RANGE_P = 183.59141109369079
MOTOR_CCW_DIR_T = -1
MOTOR_CCW_DIR_P = -1
MOTOR_ID_T = 1
MOTOR_ID_P = 0

# HISTORY
TOTAL_MOVE_SEQUENCES = 3498
TOTAL_CRUISE_MOVES_T = 1002
TOTAL_CRUISE_MOVES_P = 1109
TOTAL_CREEP_MOVES_T = 9442
TOTAL_CREEP_MOVES_P = 9335
TOTAL_LIMIT_SEEKS_T = 32
TOTAL_LIMIT_SEEKS_P = 36
LAST_PRIMARY_HARDSTOP_DIR_T = -1.0
LAST_PRIMARY_HARDSTOP_DIR_P = 1.0
LAST_MOVE_CMD = 'dXdY; (auto backlash backup); (auto final creep)'
LAST_MOVE_VAL1 = '0.000794628; 3; -3.00014'
LAST_MOVE_VAL2 = '0.000333068; -3; 2.99994'
LAST_MEAS_OBS_X = 31.557680310583542
LAST_MEAS_OBS_Y = 13.793195063848843
