# Template file for configuration of individual fiber positioner unit.

# ID
POS_ID = 'M00068'
CAN_ID = 105
DEVICE_ID = -1
PETAL_ID = -1

# STATE
POS_T = -6.4102096075657755e-06
POS_P = 170.00007450176312
GENERAL_SETTINGS_FILE = '_genl_settings_DEFAULT.conf'

# CALIBRATION
LENGTH_R1 = 2.9900308042123136
LENGTH_R2 = 3.06387867209023
OFFSET_T = 9.617584611803784
OFFSET_P = 15.886289870454714
GEAR_CALIB_T = 1.0
GEAR_CALIB_P = 1.0
GEAR_TYPE_T = 'namiki'
GEAR_TYPE_P = 'namiki'
OFFSET_X = 33.77287307471581
OFFSET_Y = 48.03446333682291
PHYSICAL_RANGE_T = 393.4075876352341
PHYSICAL_RANGE_P = 167.24184255696235
MOTOR_CCW_DIR_T = -1
MOTOR_CCW_DIR_P = -1
MOTOR_ID_T = 1
MOTOR_ID_P = 0

# HISTORY
TOTAL_MOVE_SEQUENCES = 4446
TOTAL_CRUISE_MOVES_T = 2524
TOTAL_CRUISE_MOVES_P = 2118
TOTAL_CREEP_MOVES_T = 10780
TOTAL_CREEP_MOVES_P = 11186
TOTAL_LIMIT_SEEKS_T = 24
TOTAL_LIMIT_SEEKS_P = 28
LAST_PRIMARY_HARDSTOP_DIR_T = -1.0
LAST_PRIMARY_HARDSTOP_DIR_P = 1.0
LAST_MOVE_CMD = 'direct_dtdp; (auto backlash backup); (auto final creep)'
LAST_MOVE_VAL1 = '0; 0; 0'
LAST_MOVE_VAL2 = '-10; -3; 2.99712'
LAST_MEAS_OBS_X = 39.489655929956626
LAST_MEAS_OBS_Y = 49.64617854191882
