# Template file for configuration of individual fiber positioner unit.

# ID
POS_ID = 'M00220'
CAN_ID = 345
DEVICE_ID = -1
PETAL_ID = -1

# STATE
POS_T = -1.7298480372573977e-05
POS_P = 180.00009814814814
GENERAL_SETTINGS_FILE = '_genl_settings_DEFAULT.conf'

# CALIBRATION
LENGTH_R1 = 2.738547056932693
LENGTH_R2 = 2.994763863238911
OFFSET_T = 91.43247923787635
OFFSET_P = -6.461628915504747
GEAR_CALIB_T = 1.0
GEAR_CALIB_P = 1.0
GEAR_TYPE_T = 'namiki'
GEAR_TYPE_P = 'namiki'
OFFSET_X = 36.84038593476194
OFFSET_Y = 26.022047099276378
PHYSICAL_RANGE_T = 394.9922694117756
PHYSICAL_RANGE_P = 190.0
MOTOR_CCW_DIR_T = -1
MOTOR_CCW_DIR_P = -1
MOTOR_ID_T = 1
MOTOR_ID_P = 0

# HISTORY
TOTAL_MOVE_SEQUENCES = 2197
TOTAL_CRUISE_MOVES_T = 451
TOTAL_CRUISE_MOVES_P = 475
TOTAL_CREEP_MOVES_T = 6154
TOTAL_CREEP_MOVES_P = 6130
TOTAL_LIMIT_SEEKS_T = 17
TOTAL_LIMIT_SEEKS_P = 18
LAST_PRIMARY_HARDSTOP_DIR_T = -1.0
LAST_PRIMARY_HARDSTOP_DIR_P = 1.0
LAST_MOVE_CMD = 'posTP; (auto final creep)'
LAST_MOVE_VAL1 = '0; 1.72985e-05'
LAST_MOVE_VAL2 = '180; -9.81481e-05'
LAST_MEAS_OBS_X = 42.583644678368785
LAST_MEAS_OBS_Y = 26.023869469279333
