# Template file for configuration of individual fiber positioner unit.

# ID
POS_ID = 'M00274'
CAN_ID = 138
DEVICE_ID = -1
PETAL_ID = -1

# STATE
POS_T = -193.86260350973208
POS_P = 154.75689694805754
GENERAL_SETTINGS_FILE = '_genl_settings_DEFAULT.conf'

# CALIBRATION
LENGTH_R1 = 3.017751963174875
LENGTH_R2 = 3.052764319826013
OFFSET_T = 116.85945035206186
OFFSET_P = 26.470585691675055
GEAR_CALIB_T = 1.0
GEAR_CALIB_P = 1.0
GEAR_TYPE_T = 'namiki'
GEAR_TYPE_P = 'namiki'
OFFSET_X = 45.54269085187579
OFFSET_Y = 16.125495663495119
PHYSICAL_RANGE_T = 393.72520701946416
PHYSICAL_RANGE_P = 159.35040095763389
MOTOR_CCW_DIR_T = -1
MOTOR_CCW_DIR_P = -1
MOTOR_ID_T = 1
MOTOR_ID_P = 0

# HISTORY
TOTAL_MOVE_SEQUENCES = 2980
TOTAL_CRUISE_MOVES_T = 582
TOTAL_CRUISE_MOVES_P = 565
TOTAL_CREEP_MOVES_T = 8341
TOTAL_CREEP_MOVES_P = 8358
TOTAL_LIMIT_SEEKS_T = 10
TOTAL_LIMIT_SEEKS_P = 12
LAST_PRIMARY_HARDSTOP_DIR_T = -1.0
LAST_PRIMARY_HARDSTOP_DIR_P = 1.0
LAST_MOVE_CMD = 'P limit seek; T limit seek; debounce direct_dtdp; debounce direct_dtdp'
LAST_MOVE_VAL1 = '0; -1; 3; 3'
LAST_MOVE_VAL2 = '1; 0; -3; -3'
LAST_MEAS_OBS_X = 51.34325067717072
LAST_MEAS_OBS_Y = 16.124157729803933
