# Settings file for unit: M00437

POS_ID = 'M00437'
CAN_ID = 437
DEVICE_ID = -1
PETAL_ID = -1

# STATE
POS_T = 65.773267343469016
POS_P = 51.828708923887945
GENERAL_SETTINGS_FILE = '_genl_settings_DEFAULT.conf'

# CALIBRATION
LENGTH_R1 = 2.8160631154629101
LENGTH_R2 = 3.0699132959796778
OFFSET_T = -55.327554207400908
OFFSET_P = -4.0641889046454143
GEAR_CALIB_T = 1.0
GEAR_CALIB_P = 1.0
GEAR_TYPE_T = 'namiki'
GEAR_TYPE_P = 'namiki'
OFFSET_X = 45.231152566518595
OFFSET_Y = 31.380435532994778
PHYSICAL_RANGE_T = 393.8490492636808
PHYSICAL_RANGE_P = 184.92275698759124
MOTOR_CCW_DIR_T = -1
MOTOR_CCW_DIR_P = -1
MOTOR_ID_T = 1
MOTOR_ID_P = 0

# HISTORY
TOTAL_MOVE_SEQUENCES = 1828
TOTAL_CRUISE_MOVES_T = 851
TOTAL_CRUISE_MOVES_P = 867
TOTAL_CREEP_MOVES_T = 4563
TOTAL_CREEP_MOVES_P = 4547
TOTAL_LIMIT_SEEKS_T = 53
TOTAL_LIMIT_SEEKS_P = 63
LAST_PRIMARY_HARDSTOP_DIR_T = -1.0
LAST_PRIMARY_HARDSTOP_DIR_P = 1.0
LAST_MOVE_CMD = 'dXdY; (auto backlash backup); (auto final creep)'
LAST_MOVE_VAL1 = '-0.00116497; 3; -2.99998'
LAST_MOVE_VAL2 = '-0.00141766; -3; 3.00011'
LAST_MEAS_OBS_X = 49.58726081145107
LAST_MEAS_OBS_Y = 34.4907229033973
