# Template file for configuration of individual fiber positioner unit.

# ID
POS_ID = 'M00170'
CAN_ID = 431
DEVICE_ID = -1
PETAL_ID = -1

# STATE
POS_T = 41.920840954700729
POS_P = 50.205303946876171
GENERAL_SETTINGS_FILE = '_genl_settings_DEFAULT.conf'

# CALIBRATION
LENGTH_R1 = 2.9698066027109098
LENGTH_R2 = 3.1007910492029933
OFFSET_T = -59.887904165307674
OFFSET_P = -14.382871773119433
GEAR_CALIB_T = 1.0
GEAR_CALIB_P = 1.0
GEAR_TYPE_T = 'namiki'
GEAR_TYPE_P = 'namiki'
OFFSET_X = 37.080067865531014
OFFSET_Y = 25.824974461065136
PHYSICAL_RANGE_T = 391.71922031282008
PHYSICAL_RANGE_P = 206.20697979420106
MOTOR_CCW_DIR_T = -1
MOTOR_CCW_DIR_P = -1
MOTOR_ID_T = 1
MOTOR_ID_P = 0

# HISTORY
TOTAL_MOVE_SEQUENCES = 6937
TOTAL_CRUISE_MOVES_T = 1345
TOTAL_CRUISE_MOVES_P = 1352
TOTAL_CREEP_MOVES_T = 19428
TOTAL_CREEP_MOVES_P = 19421
TOTAL_LIMIT_SEEKS_T = 19
TOTAL_LIMIT_SEEKS_P = 22
LAST_PRIMARY_HARDSTOP_DIR_T = -1.0
LAST_PRIMARY_HARDSTOP_DIR_P = 1.0
LAST_MOVE_CMD = 'dXdY; (auto backlash backup); (auto final creep)'
LAST_MOVE_VAL1 = '-0.00108137; 3; -3.00011'
LAST_MOVE_VAL2 = '-0.000340221; -3; 2.99996'
LAST_MEAS_OBS_X = 42.87969367489023
LAST_MEAS_OBS_Y = 25.825236069406863
