# Configuration file for unit M00447.

#ID
POS_ID = 'M00447'
CAN_ID = 396
DEVICE_ID = -1
PETAL_ID = -1

# STATE
POS_T = 0.00013334178092350157
POS_P = 170.00008135802469
GENERAL_SETTINGS_FILE = '_genl_settings_DEFAULT.conf'

# CALIBRATION
LENGTH_R1 = 2.8652307156692434
LENGTH_R2 = 3.053061953132147
OFFSET_T = -96.6865431828024
OFFSET_P = -8.491917328694349
GEAR_CALIB_T = 1.0
GEAR_CALIB_P = 1.0
GEAR_TYPE_T = 'namiki'
GEAR_TYPE_P = 'namiki'
OFFSET_X = 22.9429911859367
OFFSET_Y = 31.916612110664353
PHYSICAL_RANGE_T = 395.20361183495675
PHYSICAL_RANGE_P = 190.0
MOTOR_CCW_DIR_T = -1
MOTOR_CCW_DIR_P = -1
MOTOR_ID_T = 1
MOTOR_ID_P = 0

# HISTORY
TOTAL_MOVE_SEQUENCES = 2158
TOTAL_CRUISE_MOVES_T = 427
TOTAL_CRUISE_MOVES_P = 434
TOTAL_CREEP_MOVES_T = 6042
TOTAL_CREEP_MOVES_P = 6035
TOTAL_LIMIT_SEEKS_T = 8
TOTAL_LIMIT_SEEKS_P = 9
LAST_PRIMARY_HARDSTOP_DIR_T = -1.0
LAST_PRIMARY_HARDSTOP_DIR_P = 1.0
LAST_MOVE_CMD = 'direct_dtdp; (auto backlash backup); (auto final creep)'
LAST_MOVE_VAL1 = '0; 0; 0'
LAST_MOVE_VAL2 = '-10; -3; 2.99712'
LAST_MEAS_OBS_X = 28.74295350631877
LAST_MEAS_OBS_Y = 31.918080794067322
