# Configuration file for unit M00360.

#ID
POS_ID = 'M00360'
CAN_ID = 67
DEVICE_ID = -1
PETAL_ID = -1

# STATE
POS_T = 179.99999203567418
POS_P = -2.9999719753086964
GENERAL_SETTINGS_FILE = '_genl_settings_DEFAULT.conf'

# CALIBRATION
LENGTH_R1 = 3.0101849277723978
LENGTH_R2 = 3.1387976758306801
OFFSET_T = -30.326985770734893
OFFSET_P = -4.6929034191104222
GEAR_CALIB_T = 1.0
GEAR_CALIB_P = 1.0
GEAR_TYPE_T = 'namiki'
GEAR_TYPE_P = 'namiki'
OFFSET_X = 15.301773885351695
OFFSET_Y = 47.609188160829326
PHYSICAL_RANGE_T = 395.0752598792684
PHYSICAL_RANGE_P = 190.0
MOTOR_CCW_DIR_T = -1
MOTOR_CCW_DIR_P = -1
MOTOR_ID_T = 1
MOTOR_ID_P = 0

# HISTORY
TOTAL_MOVE_SEQUENCES = 3437
TOTAL_CRUISE_MOVES_T = 932
TOTAL_CRUISE_MOVES_P = 863
TOTAL_CREEP_MOVES_T = 9292
TOTAL_CREEP_MOVES_P = 9361
TOTAL_LIMIT_SEEKS_T = 50
TOTAL_LIMIT_SEEKS_P = 60
LAST_PRIMARY_HARDSTOP_DIR_T = -1.0
LAST_PRIMARY_HARDSTOP_DIR_P = 1.0
LAST_MOVE_CMD = 'posTP; (auto backlash backup); (auto final creep)'
LAST_MOVE_VAL1 = '180; 3; -3.00391'
LAST_MOVE_VAL2 = '-3; -3; -4.10455'
LAST_MEAS_OBS_X = 21.101917645421967
LAST_MEAS_OBS_Y = 47.60988750195792
