# Settings for Unit M00008

# ID
POS_ID = 'M00008'
CAN_ID = 325
DEVICE_ID = -1
PETAL_ID = -1

# STATE
POS_T = -5.5251842329906271
POS_P = 36.989127654320889
GENERAL_SETTINGS_FILE = '_genl_settings_DEFAULT.conf'

# CALIBRATION
LENGTH_R1 = 3.0295035510412318
LENGTH_R2 = 3.0414594751665209
OFFSET_T = -20.503497199164414
OFFSET_P = -1.8800513788421256
GEAR_CALIB_T = 1.0
GEAR_CALIB_P = 1.0
GEAR_TYPE_T = 'namiki'
GEAR_TYPE_P = 'namiki'
OFFSET_X = 22.819518486515619
OFFSET_Y = 25.559803382179144
PHYSICAL_RANGE_T = 394.88773513264721
PHYSICAL_RANGE_P = 190.0
MOTOR_CCW_DIR_T = -1
MOTOR_CCW_DIR_P = -1
MOTOR_ID_T = 1
MOTOR_ID_P = 0

# HISTORY
TOTAL_MOVE_SEQUENCES = 10945
TOTAL_CRUISE_MOVES_T = 3355
TOTAL_CRUISE_MOVES_P = 2943
TOTAL_CREEP_MOVES_T = 29427
TOTAL_CREEP_MOVES_P = 29839
TOTAL_LIMIT_SEEKS_T = 34
TOTAL_LIMIT_SEEKS_P = 39
LAST_PRIMARY_HARDSTOP_DIR_T = -1.0
LAST_PRIMARY_HARDSTOP_DIR_P = 1.0
LAST_MOVE_CMD = 'dXdY; (auto backlash backup); (auto final creep)'
LAST_MOVE_VAL1 = '-0.0105264; 3; -3.00002'
LAST_MOVE_VAL2 = '0.0234969; -3; 3.00006'
LAST_MEAS_OBS_X = 28.61503340505898
LAST_MEAS_OBS_Y = 25.562210377647926
