# Template file for configuration of individual fiber positioner unit.

# ID
POS_ID = 'M00182'
CAN_ID = 203
DEVICE_ID = -1
PETAL_ID = -1

# STATE
POS_T = 95.77688209097299
POS_P = 31.480598200499639
GENERAL_SETTINGS_FILE = '_genl_settings_DEFAULT.conf'

# CALIBRATION
LENGTH_R1 = 2.9228795234936489
LENGTH_R2 = 3.0721583631957676
OFFSET_T = -111.25278613759669
OFFSET_P = -1.4106121537906517
GEAR_CALIB_T = 1.0
GEAR_CALIB_P = 1.0
GEAR_TYPE_T = 'namiki'
GEAR_TYPE_P = 'namiki'
OFFSET_X = 37.357456819743931
OFFSET_Y = 25.953872147351394
PHYSICAL_RANGE_T = 393.74588050941179
PHYSICAL_RANGE_P = 185.12298371667879
MOTOR_CCW_DIR_T = -1
MOTOR_CCW_DIR_P = -1
MOTOR_ID_T = 1
MOTOR_ID_P = 0

# HISTORY
TOTAL_MOVE_SEQUENCES = 2198
TOTAL_CRUISE_MOVES_T = 423
TOTAL_CRUISE_MOVES_P = 454
TOTAL_CREEP_MOVES_T = 6164
TOTAL_CREEP_MOVES_P = 6133
TOTAL_LIMIT_SEEKS_T = 13
TOTAL_LIMIT_SEEKS_P = 14
LAST_PRIMARY_HARDSTOP_DIR_T = -1.0
LAST_PRIMARY_HARDSTOP_DIR_P = 1.0
LAST_MOVE_CMD = 'dXdY; (auto backlash backup); (auto final creep)'
LAST_MOVE_VAL1 = '-0.00039469; 3; -3.0002'
LAST_MOVE_VAL2 = '-0.000361108; -3; 3.0001'
LAST_MEAS_OBS_X = 43.15791571663222
LAST_MEAS_OBS_Y = 25.95417000085568
