# Template file for configuration of individual fiber positioner unit.

# ID
POS_ID = 'M00366'
CAN_ID = 272
DEVICE_ID = -1
PETAL_ID = -1

# STATE
POS_T = -192.98699201253993
POS_P = 185.6481489309825
GENERAL_SETTINGS_FILE = '_genl_settings_DEFAULT.conf'

# CALIBRATION
LENGTH_R1 = 3.1940329987496181
LENGTH_R2 = 3.0236598386098521
OFFSET_T = 14.967660817022745
OFFSET_P = -6.9081518400902766
GEAR_CALIB_T = 1.0
GEAR_CALIB_P = 1.0
GEAR_TYPE_T = 'namiki'
GEAR_TYPE_P = 'namiki'
OFFSET_X = 15.395306099551405
OFFSET_Y = 15.823850581971364
PHYSICAL_RANGE_T = 391.97398402507986
PHYSICAL_RANGE_P = 190.55368578887121
MOTOR_CCW_DIR_T = -1
MOTOR_CCW_DIR_P = -1
MOTOR_ID_T = 1
MOTOR_ID_P = 0

# HISTORY
TOTAL_MOVE_SEQUENCES = 44973
TOTAL_CRUISE_MOVES_T = 8741
TOTAL_CRUISE_MOVES_P = 8768
TOTAL_CREEP_MOVES_T = 125894
TOTAL_CREEP_MOVES_P = 125867
TOTAL_LIMIT_SEEKS_T = 169
TOTAL_LIMIT_SEEKS_P = 202
LAST_PRIMARY_HARDSTOP_DIR_T = -1.0
LAST_PRIMARY_HARDSTOP_DIR_P = 1.0
LAST_MOVE_CMD = 'P limit seek; T limit seek; debounce direct_dtdp; debounce direct_dtdp'
LAST_MOVE_VAL1 = '0; -1; 3; 3'
LAST_MOVE_VAL2 = '1; 0; -3; -3'
LAST_MEAS_OBS_X = 21.19528460532721
LAST_MEAS_OBS_Y = 15.825572386800582
