# Configuration file for unit M00332.

#ID
POS_ID = 'M00332'
CAN_ID = 235
DEVICE_ID = -1
PETAL_ID = -1

# STATE
POS_T = -194.19892980790524
POS_P = 181.6971010232848
GENERAL_SETTINGS_FILE = '_genl_settings_DEFAULT.conf'

# CALIBRATION
LENGTH_R1 = 3.0007783606850125
LENGTH_R2 = 3.1187609337327293
OFFSET_T = -146.41625878412296
OFFSET_P = -1.0388247824624557
GEAR_CALIB_T = 1.0
GEAR_CALIB_P = 1.0
GEAR_TYPE_T = 'namiki'
GEAR_TYPE_P = 'namiki'
OFFSET_X = 60.300009228203827
OFFSET_Y = 16.238811409577455
PHYSICAL_RANGE_T = 394.39785961581049
PHYSICAL_RANGE_P = 186.56272830634828
MOTOR_CCW_DIR_T = -1
MOTOR_CCW_DIR_P = -1
MOTOR_ID_T = 1
MOTOR_ID_P = 0

# HISTORY
TOTAL_MOVE_SEQUENCES = 2174
TOTAL_CRUISE_MOVES_T = 418
TOTAL_CRUISE_MOVES_P = 429
TOTAL_CREEP_MOVES_T = 6096
TOTAL_CREEP_MOVES_P = 6085
TOTAL_LIMIT_SEEKS_T = 9
TOTAL_LIMIT_SEEKS_P = 10
LAST_PRIMARY_HARDSTOP_DIR_T = -1.0
LAST_PRIMARY_HARDSTOP_DIR_P = 1.0
LAST_MOVE_CMD = 'P limit seek; T limit seek; debounce direct_dtdp; debounce direct_dtdp'
LAST_MOVE_VAL1 = '0; -1; 3; 3'
LAST_MOVE_VAL2 = '1; 0; -3; -3'
LAST_MEAS_OBS_X = 66.10016940486516
LAST_MEAS_OBS_Y = 16.2387577991494
